803132 1978 0 4
803133 1978 4 2
803134 1978 6 0
803135 1978 22 2
803136 1978 13 0
803137 1978 19 0
803138 1978 8 0
803139 1978 11 5
803140 1978 0 0
803141 1978 9 4
803142 1978 0 0
803143 1978 0 0
803144 1978 0 0
803145 1978 2 0
803146 1978 0 0
511707 1979 0 0
511708 1979 21 3
511709 1979 12 20
511710 1979 11 0
511711 1979 9 0
511712 1979 10 0
511713 1979 11 7
511714 1979 21 0
511715 1979 0 0
511716 1979 19 4
511717 1979 11 0
511718 1979 0 0
511719 1979 2 0
511720 1979 0 0
636670 1980 0 3
636671 1980 19 3
636672 1980 16 3
636673 1980 22 73
636674 1980 20 17
636675 1980 50 0
636676 1980 25 14
636677 1980 17 2
636678 1980 19 8
636679 1980 6 5
636680 1980 14 27
636681 1980 11 0
636682 1980 17 3
636683 1980 39 7
636684 1980 8 14
636685 1980 14 8
636686 1980 5 0
636687 1980 40 0
636688 1980 13 0
636689 1980 10 4
636690 1980 3 4
636691 1980 10 4
636692 1980 171 3
636693 1980 20 0
511286 1971 19 0
511288 1971 53 4
511289 1971 11 4
511290 1971 12 9
511292 1971 20 2
511293 1971 16 6
511295 1971 20 2
511296 1971 10 0
511298 1971 30 2
511299 1971 9 0
511300 1971 8 0
511302 1971 13 0
511303 1971 10 3
511304 1971 37 8
511305 1971 9 10
511307 1971 8 0
511308 1971 20 2
511309 1971 17 0
511311 1971 0 0
511755 1981 7 0
511756 1981 9 0
511757 1981 14 2
511758 1981 10 0
511759 1981 15 14
511760 1981 20 4
511761 1981 26 0
511762 1981 20 8
511763 1981 5 0
511764 1981 2 8
511765 1981 4 0
511766 1981 11 0
511767 1981 10 19
511768 1981 5 0
511769 1981 15 0
511770 1981 40 0
511771 1981 2 0
511772 1981 20 0
511773 1981 10 0
511774 1981 8 0
511775 1981 10 8
636714 1982 0 0
636715 1982 7 0
636716 1982 19 0
636717 1982 15 0
636718 1982 11 5
636719 1982 4 0
636720 1982 8 0
636721 1982 14 3
636722 1982 6 5
636723 1982 3 11
636724 1982 13 5
636725 1982 29 2
636726 1982 14 22
636727 1982 30 7
636728 1982 5 2
636729 1982 26 4
636730 1982 3 0
636731 1982 22 6
636732 1982 55 0
636733 1982 14 0
636734 1982 11 0
511795 1983 24 0
511796 1983 37 0
511797 1983 5 3
511799 1983 18 3
511800 1983 17 5
511802 1983 0 0
511803 1983 9 3
511804 1983 20 21
511806 1983 23 7
511807 1983 2 2
511809 1983 3 8
511810 1983 11 4
511811 1983 13 9
511813 1983 14 6
511814 1983 24 2
511816 1983 0 7
511817 1983 0 0
511818 1983 15 5
511820 1983 15 2
511821 1983 17 0
511823 1983 61 2
511824 1983 13 0
511825 1983 10 0
511827 1983 5 0
511828 1983 15 4
511830 1983 48 0
511831 1983 0 2
511832 1983 0 0
636806 1984 57 0
636807 1984 11 0
636808 1984 25 0
636809 1984 12 0
636810 1984 10 0
636811 1984 21 0
636812 1984 4 3
636813 1984 2 0
636814 1984 19 2
636815 1984 12 0
636816 1984 8 21
636817 1984 0 0
636818 1984 12 0
636819 1984 17 3
636820 1984 13 3
636821 1984 7 3
636822 1984 10 0
636823 1984 13 0
636824 1984 10 0
636825 1984 3 0
636826 1984 5 0
636827 1984 16 0
636828 1984 19 2
636829 1984 17 3
636831 1984 23 0
636832 1984 17 2
636833 1984 40 2
1132959 2006 205 307
253504 1985 17 0
253505 1985 12 3
253506 1985 11 104
253507 1985 11 0
253508 1985 5 0
253509 1985 88 4
253510 1985 12 5
253511 1985 18 0
253512 1985 4 0
253513 1985 16 0
253514 1985 3 5
253515 1985 18 86
253516 1985 9 0
342777 1985 5 11
253518 1985 14 0
253519 1985 29 0
253520 1985 14 4
253521 1985 16 11
253522 1985 16 0
253523 1985 10 2
253524 1985 14 73
253525 1985 22 18
253526 1985 19 4
253527 1985 11 19
253528 1985 19 0
253529 1985 8 0
253530 1985 13 0
253531 1985 9 8
253532 1985 5 0
253533 1985 17 10
253534 1985 10 0
253535 1985 11 0
3059676 1989 77 2
1132959 2006 205 307
253171 1986 51 15
253175 1986 15 11
253178 1986 13 0
253180 1986 22 0
253183 1986 50 0
253185 1986 49 3
253186 1986 36 9
253188 1986 14 7
253189 1986 31 56
253190 1986 12 18
253192 1986 11 0
253193 1986 22 14
253194 1986 19 0
253196 1986 13 3
253197 1986 13 7
253198 1986 10 5
253199 1986 7 6
253200 1986 29 23
253202 1986 23 15
253203 1986 7 8
253205 1986 16 7
253206 1986 10 18
253208 1986 8 49
253211 1986 18 14
253212 1986 16 11
253215 1986 16 3
253216 1986 26 2
253217 1986 23 6
253218 1986 13 4
253220 1986 9 2
253221 1986 13 11
253222 1986 11 5
253224 1986 11 4
253225 1986 11 11
253226 1986 19 8
42006 1987 12 5
42007 1987 15 3
42009 1987 21 15
42010 1987 15 3
42011 1987 25 0
42012 1987 26 5
42013 1987 5 2
42014 1987 50 4
42015 1987 14 0
42016 1987 38 44
42017 1987 14 10
42018 1987 17 4
42019 1987 17 7
42020 1987 32 4
42021 1987 13 5
42022 1987 3 4
42023 1987 8 11
42024 1987 22 0
42025 1987 8 4
42026 1987 18 0
42027 1987 8 2
42028 1987 18 3
42029 1987 15 0
42030 1987 56 0
42031 1987 18 3
42032 1987 46 0
42033 1987 9 15
42034 1987 8 5
42035 1987 10 5
42036 1987 13 0
42037 1987 20 4
42038 1987 15 5
42039 1987 10 12
62438 1988 37 7
62439 1988 34 19
62440 1988 12 0
62441 1988 18 0
62442 1988 28 10
62443 1988 16 3
62444 1988 0 0
62445 1988 40 2
62446 1988 22 8
62447 1988 20 55
62448 1988 24 7
62449 1988 10 0
62450 1988 13 0
62451 1988 14 5
62452 1988 11 22
62455 1988 7 4
62457 1988 9 4
62459 1988 30 2
62461 1988 19 4
62465 1988 37 18
62467 1988 14 27
62469 1988 21 89
62470 1988 16 19
62473 1988 13 0
62475 1988 6 5
62477 1988 11 4
62479 1988 16 2
62481 1988 14 0
62482 1988 27 0
62483 1988 18 0
62485 1988 14 2
62487 1988 28 94
62491 1988 14 7
62493 1988 0 26
62494 1988 25 0
62495 1988 10 0
62496 1988 22 0
62497 1988 25 0
62498 1988 16 6
62499 1988 11 2
62500 1988 5 14
62501 1988 24 0
62502 1988 33 0
62503 1988 15 2
62505 1988 9 4
1132959 2006 205 307
98006 1989 35 101
98007 1989 9 16
98008 1989 33 13
98009 1989 27 5
98010 1989 17 19
98011 1989 20 6
98013 1989 33 3
98015 1989 22 31
98901 1989 26 11
98219 1989 13 3
98223 1989 22 7
98226 1989 17 2
98228 1989 4 6
98229 1989 29 6
98231 1989 23 0
98233 1989 21 3
98234 1989 20 0
98236 1989 18 3
98237 1989 30 0
98240 1989 26 28
98242 1989 14 5
98244 1989 40 41
98245 1989 8 65
98247 1989 10 20
98249 1989 33 11
98252 1989 17 11
98254 1989 10 0
98255 1989 0 2
2158588 2012 155 17
75336 1989 23 3
75337 1989 30 48
75338 1989 35 31
75339 1989 31 26
75340 1989 6 16
75341 1989 22 11
75342 1989 19 7
75343 1989 23 0
75344 1989 8 47
75345 1989 13 14
75346 1989 17 0
75347 1989 12 5
75348 1989 15 7
75349 1989 26 18
75479 1989 21 17
75350 1989 17 3
75351 1989 18 0
75352 1989 0 11
75353 1989 21 3
75354 1989 16 8
75355 1989 23 34
75356 1989 10 18
75357 1989 16 12
75358 1989 23 4
75359 1989 12 6
75360 1989 18 7
75361 1989 17 3
122861 1991 16 50
122862 1991 10 13
122863 1991 22 29
122864 1991 30 110
122865 1991 19 11
122866 1991 17 29
122867 1991 15 3
122868 1991 26 3
122869 1991 12 0
122870 1991 13 6
122871 1991 16 6
122872 1991 43 3
122873 1991 10 29
122874 1991 42 19
122875 1991 18 4
122876 1991 26 5
122877 1991 18 0
122878 1991 9 4
122879 1991 26 4
122880 1991 10 28
122881 1991 21 5
122883 1991 21 12
122884 1991 26 13
122885 1991 17 0
122886 1991 50 6
122887 1991 23 108
122888 1991 16 7
122889 1991 17 17
122890 1991 18 0
122891 1991 12 6
122892 1991 12 23
122893 1991 30 4
122894 1991 13 12
122896 1991 17 27
122897 1991 9 17
133167 1992 23 149
133169 1992 24 37
133171 1992 13 5
133172 1992 33 140
133175 1992 22 6
133177 1992 14 85
133179 1992 10 8
133180 1992 22 41
133181 1992 22 46
133183 1992 21 18
133185 1992 26 21
133186 1992 16 5
133188 1992 26 20
133190 1992 19 10
133191 1992 10 28
133194 1992 28 18
133195 1992 15 11
133197 1992 22 4
133199 1992 30 50
133202 1992 27 13
133203 1992 22 10
133205 1992 18 44
133207 1992 13 3
133208 1992 22 7
133209 1992 17 8
133210 1992 26 26
133211 1992 21 9
133212 1992 7 5
133213 1992 41 0
133214 1992 15 491
133215 1992 16 76
133216 1992 14 106
133217 1992 7 0
182120 1993 7 0
188591 1994 13 86
160689 1993 21 54
160690 1993 11 4
160691 1993 15 34
160692 1993 24 74
160693 1993 19 123
160695 1993 15 132
160696 1993 19 54
160697 1993 35 3
160699 1993 15 5
160700 1993 20 2
160703 1993 24 25
160704 1993 21 28
160706 1993 5 97
160708 1993 19 0
160710 1993 31 25
160713 1993 24 243
160715 1993 11 156
160717 1993 13 54
160718 1993 15 174
160720 1993 27 15
160722 1993 30 25
160724 1993 0 0
160726 1993 20 6
160728 1993 36 31
160730 1993 31 12
160735 1993 7 9
160737 1993 15 8
160738 1993 15 13
160741 1993 16 13
160753 1993 22 43
160754 1993 17 19
160756 1993 35 13
160758 1993 18 170
160760 1993 13 81
160761 1993 17 10
160763 1993 0 0
160762 1993 0 0
160764 1993 0 0
160766 1993 0 0
160765 1993 0 0
160767 1993 0 0
160768 1993 0 0
243203 1996 24 11
188495 1994 32 401
188496 1994 15 143
188497 1994 11 56
188498 1994 27 11
188499 1994 9 19
188500 1994 19 10
188508 1994 16 297
188509 1994 19 7
188511 1994 24 13
188517 1994 22 9
188519 1994 48 30
188521 1994 16 23
188544 1994 12 35
188546 1994 18 14
188548 1994 25 107
188550 1994 14 25
188552 1994 17 8
188554 1994 17 112
188556 1994 15 24
188557 1994 15 254
188558 1994 16 27
188559 1994 17 41
188560 1994 22 34
188562 1994 13 12
188563 1994 27 60
188564 1994 14 18
188583 1994 12 164
188585 1994 18 59
188586 1994 11 124
188589 1994 18 184
188591 1994 13 86
188593 1994 25 41
188594 1994 11 17
188597 1994 13 41
188599 1994 18 7
188601 1994 0 0
2227993 1997 11 0
238480 1996 17 6
297123 1999 23 58
584881 2002 36 105
1969847 2011 290 47
215326 1995 27 23
215327 1995 21 29
215328 1995 13 280
215329 1995 21 39
215330 1995 23 0
215331 1995 14 9
215332 1995 18 4
215333 1995 19 336
215334 1995 23 86
215335 1995 17 17
215336 1995 25 25
215343 1995 24 0
215345 1995 13 18
215347 1995 22 13
215349 1995 14 27
215351 1995 37 58
215352 1995 22 4
215353 1995 11 9
215355 1995 22 10
215357 1995 13 75
215358 1995 17 74
215359 1995 16 5
215360 1995 23 6
215361 1995 23 7
215362 1995 26 14
215363 1995 24 5
215365 1995 36 140
215364 1995 18 16
215366 1995 18 116
215367 1995 22 54
215369 1995 19 0
215371 1995 28 32
215372 1995 17 41
215373 1995 23 11
215375 1995 12 9
215376 1995 12 17
215377 1995 13 0
215379 1995 13 12
215380 1995 18 30
215381 1995 20 66
215383 1995 15 74
2227996 1997 15 0
312664 1999 30 29
595175 2000 59 29
1132959 2006 205 307
243200 1996 0 0
243202 1996 17 476
243203 1996 24 11
243206 1996 13 327
243208 1996 29 39
243209 1996 21 39
243212 1996 27 89
243213 1996 16 82
243214 1996 21 43
243216 1996 27 328
243218 1996 13 39
243236 1996 25 4
243237 1996 31 2
243238 1996 15 18
243239 1996 28 7
243249 1996 24 30
243253 1996 22 4
243256 1996 16 9
243258 1996 23 61
243261 1996 22 58
243265 1996 16 6
243266 1996 17 29
243267 1996 16 21
243268 1996 17 14
243269 1996 17 26
243270 1996 28 25
248146 1996 22 8
243271 1996 13 4
243272 1996 13 67
243273 1996 16 40
243274 1996 14 61
243275 1996 40 52
243276 1996 30 112
243277 1996 32 202
243278 1996 24 113
243279 1996 13 26
243280 1996 30 3
243281 1996 14 3
243287 1996 0 0
243286 1996 0 0
243284 1996 0 0
243283 1996 0 0
243282 1996 0 0
243293 1996 0 0
243288 1996 0 0
243292 1996 0 0
243289 1996 0 0
250974 1996 0 0
243295 1996 0 0
243294 1996 0 0
243296 1996 0 0
243297 1996 0 2
243299 1996 0 0
243300 1996 0 0
243301 1996 0 0
243298 1996 0 0
243303 1996 0 0
243302 1996 0 0
243321 1996 0 0
243305 1996 0 0
243325 1996 0 4
243323 1996 0 13
243322 1996 0 0
312664 1999 30 29
1969847 2011 290 47
258526 1997 0 2
258528 1997 27 42
258529 1997 12 46
258530 1997 30 51
258531 1997 21 40
258532 1997 22 33
258534 1997 17 86
258535 1997 7 15
258537 1997 17 132
258539 1997 29 55
258540 1997 23 107
258542 1997 8 19
258544 1997 32 13
258546 1997 20 36
258547 1997 25 2
258551 1997 31 12
258552 1997 26 22
258557 1997 15 15
258560 1997 14 0
258561 1997 17 108
258564 1997 55 13
258568 1997 17 11
258569 1997 22 27
258576 1997 27 16
258580 1997 18 22
258582 1997 51 56
258585 1997 0 23
258587 1997 11 241
258589 1997 31 5
258591 1997 34 37
258594 1997 17 34
258597 1997 13 67
258601 1997 40 36
258603 1997 24 53
277434 1997 0 3
277436 1997 0 2
277435 1997 0 0
277437 1997 0 0
860517 2003 4 7
383961 2001 11 94
956953 2003 16 22
2816280 2004 28 0
383957 2001 20 92
1009000 2004 21 231
345543 2000 28 213
563911 2002 18 6
1321529 2007 11 7
383985 2001 20 128
1148263 2006 12 78
1277806 2007 21 27
964754 2003 72 39
564383 2002 40 102
1183633 2006 17 91
1403895 2008 24 12
779240 2002 97 7
1132959 2006 205 307
1969847 2011 290 47
290967 1998 0 2
290947 1998 21 154
290948 1998 28 36
290950 1998 29 19
290953 1998 10 210
290954 1998 24 226
290956 1998 29 311
290957 1998 14 102
290958 1998 26 125
290959 1998 28 21
290961 1998 7 68
290965 1998 15 42
290970 1998 23 195
290972 1998 30 272
290974 1998 22 84
290976 1998 16 36
290978 1998 33 40
290980 1998 12 58
290982 1998 11 46
290984 1998 13 3
290986 1998 22 28
290987 1998 23 26
290989 1998 25 5
290991 1998 15 50
290992 1998 26 7
290995 1998 20 202
290996 1998 41 121
290998 1998 19 30
291000 1998 33 35
291001 1998 15 26
291003 1998 11 31
291005 1998 21 18
291007 1998 28 24
291008 1998 22 912
291009 1998 23 91
291011 1998 18 35
291013 1998 30 20
291014 1998 16 203
291017 1998 15 139
291019 1998 27 42
291021 1998 0 0
291024 1998 5 0
291025 1998 6 658
291027 1998 9 0
291028 1998 2 2
291031 1998 7 3
291033 1998 3 3
291037 1998 4 0
291038 1998 5 2
291041 1998 6 0
291043 1998 7 4
291045 1998 3 0
291047 1998 7 6
291049 1998 6 0
291052 1998 9 2
291054 1998 7 3
291055 1998 5 0
291057 1998 3 2
291059 1998 4 7
291060 1998 9 0
291062 1998 7 0
291064 1998 2 0
291066 1998 3 10
291068 1998 9 2
291070 1998 5 0
291074 1998 5 0
291071 1998 4 0
291073 1998 12 0
291072 1998 2 0
291075 1998 5 0
291076 1998 3 0
291077 1998 4 0
291078 1998 3 0
291079 1998 4 0
1969847 2011 290 47
564377 2002 0 0
564380 2002 19 20
564381 2002 20 12
564382 2002 23 34
564383 2002 40 102
564385 2002 32 39
564386 2002 11 42
564387 2002 17 78
564389 2002 10 49
564390 2002 23 14
564391 2002 20 21
564393 2002 18 152
564394 2002 16 3
564395 2002 27 26
564397 2002 35 38
564398 2002 21 86
564399 2002 18 28
564401 2002 19 81
564402 2002 12 4
564403 2002 11 25
564404 2002 14 21
564406 2002 34 36
564407 2002 19 27
564408 2002 19 80
564409 2002 19 42
564411 2002 17 39
564412 2002 19 61
564413 2002 31 22
564415 2002 17 25
564416 2002 15 92
564417 2002 26 8
564419 2002 19 157
564420 2002 15 7
564421 2002 31 339
564423 2002 25 21
564424 2002 30 22
564425 2002 47 73
564427 2002 20 41
564428 2002 20 97
564429 2002 21 288
564430 2002 24 30
564378 2002 0 0
564432 2002 11 101
564433 2002 14 66
564435 2002 18 8
564436 2002 20 15
564438 2002 4 4
564439 2002 8 0
564440 2002 3 31
564441 2002 5 5
564442 2002 2 3
564443 2002 10 3
564444 2002 14 5
564445 2002 8 3
564446 2002 3 26
564447 2002 6 4
564448 2002 8 10
564449 2002 4 0
564450 2002 1 0
564451 2002 4 4
564452 2002 6 2
564453 2002 10 2
564454 2002 2 16
564455 2002 4 3
564456 2002 4 6
564457 2002 10 52
564458 2002 4 5
564459 2002 3 0
564460 2002 5 0
564461 2002 5 0
564462 2002 6 6
564463 2002 8 8
564464 2002 0 18
564465 2002 4 10
564466 2002 3 0
564467 2002 2 0
564468 2002 9 0
564469 2002 11 0
564470 2002 6 7
564471 2002 6 0
564472 2002 4 3
564473 2002 3 0
564474 2002 8 20
564475 2002 4 15
564476 2002 10 49
564477 2002 4 2
564478 2002 4 0
564479 2002 3 3
564480 2002 2 0
564481 2002 4 2
564482 2002 8 12
564483 2002 3 4
564484 2002 10 0
564485 2002 3 6
564487 2002 1 0
564488 2002 3 2
564489 2002 6 6
564490 2002 1 5
564491 2002 5 5
564492 2002 7 2
564493 2002 3 0
564494 2002 0 0
564495 2002 2 3
564496 2002 1 4
564497 2002 4 0
564498 2002 3 0
564499 2002 0 0
383953 2001 26 69
383954 2001 39 90
383955 2001 11 151
383956 2001 23 44
383957 2001 20 92
383958 2001 16 90
383959 2001 32 60
383960 2001 20 8
383961 2001 11 94
383963 2001 15 95
383964 2001 11 5
383965 2001 20 32
383966 2001 22 47
383968 2001 24 44
383970 2001 21 343
383972 2001 26 550
383974 2001 19 99
383975 2001 19 117
383976 2001 27 33
383981 2001 22 21
383982 2001 27 19
383985 2001 20 128
383986 2001 15 2
383987 2001 27 30
383989 2001 34 16
383990 2001 21 52
383991 2001 16 37
383992 2001 14 67
383993 2001 27 8
383995 2001 25 61
383999 2001 13 114
384003 2001 15 69
384005 2001 22 99
384007 2001 33 217
384009 2001 15 27
384012 2001 24 45
384011 2001 22 14
384013 2001 24 25
384015 2001 34 3
384017 2001 8 19
384019 2001 22 566
384021 2001 8 40
384022 2001 19 69
384024 2001 24 93
384025 2001 15 51
384028 2001 19 7
384029 2001 7 5
384030 2001 7 9
384031 2001 4 2
384032 2001 4 4
384033 2001 6 17
384034 2001 8 11
384035 2001 3 10
384037 2001 5 7
384038 2001 6 0
384039 2001 7 9
384041 2001 3 4
384042 2001 9 57
384045 2001 7 62
384061 2001 7 0
384062 2001 2 7
384063 2001 3 0
384064 2001 5 0
384065 2001 7 7
384066 2001 2 0
384067 2001 6 2
384068 2001 5 24
384069 2001 7 0
384070 2001 11 4
384071 2001 9 9
384072 2001 6 4
384073 2001 9 0
384074 2001 0 0
384075 2001 4 0
384080 2001 3 7
384083 2001 4 8
384086 2001 4 25
384090 2001 5 0
384091 2001 1 11
384092 2001 4 0
384093 2001 1 0
384094 2001 2 0
384095 2001 4 4
384096 2001 4 0
384097 2001 2 0
384098 2001 0 0
384099 2001 2 0
344658 2000 0 0
345512 2000 25 36
345538 2000 16 32
345539 2000 12 55
345541 2000 30 4
345543 2000 28 213
345545 2000 18 505
345546 2000 20 87
345548 2000 29 17
345550 2000 24 57
345551 2000 26 29
345552 2000 27 25
345553 2000 0 10
345554 2000 21 44
345556 2000 16 20
345559 2000 36 6
345562 2000 17 21
345563 2000 19 9
345564 2000 13 15
345565 2000 20 64
345566 2000 12 39
345569 2000 25 108
345572 2000 19 21
345573 2000 8 10
345574 2000 21 91
345576 2000 13 79
345577 2000 19 76
345578 2000 30 137
345579 2000 21 26
345582 2000 22 38
345584 2000 25 69
345587 2000 25 3
345591 2000 28 14
345593 2000 30 264
345594 2000 15 56
345597 2000 33 103
345598 2000 10 33
345602 2000 28 51
345603 2000 13 87
345608 2000 7 5
345610 2000 12 14
345612 2000 7 2
345615 2000 18 4
345618 2000 4 0
345621 2000 7 10
345622 2000 0 0
345623 2000 6 0
345624 2000 3 0
345625 2000 13 3
345628 2000 8 2
345630 2000 0 3
345632 2000 13 2
345636 2000 6 3
345638 2000 8 4
345641 2000 8 2
345643 2000 12 0
345646 2000 6 17
345648 2000 6 3
345650 2000 9 8
345652 2000 3 0
345656 2000 11 13
345658 2000 11 24
345660 2000 9 4
345661 2000 4 15
345663 2000 3 4
345664 2000 4 0
345665 2000 4 14
345666 2000 6 2
345668 2000 0 0
345670 2000 6 0
345671 2000 3 3
345672 2000 0 2
345673 2000 3 0
345674 2000 3 6
345675 2000 3 3
594040 2002 31 7
1132959 2006 205 307
1969847 2011 290 47
317885 1999 0 4
312634 1999 17 66
312618 1999 28 31
312637 1999 26 39
312639 1999 24 34
312645 1999 31 50
312647 1999 33 736
312649 1999 16 1,114
312652 1999 14 38
312654 1999 22 10
312656 1999 19 109
312659 1999 20 15
312661 1999 18 9
312662 1999 22 5
312663 1999 13 23
312664 1999 30 29
312665 1999 27 159
312666 1999 7 36
312668 1999 18 41
312669 1999 28 21
312670 1999 31 70
312671 1999 24 31
312673 1999 30 10
312675 1999 20 35
312676 1999 20 31
312677 1999 28 48
312678 1999 26 3
312679 1999 20 220
312680 1999 24 166
312681 1999 15 239
312682 1999 26 774
312684 1999 25 68
312685 1999 16 31
312687 1999 24 119
317560 1999 0 0
312688 1999 3 7
313469 1999 13 2
312690 1999 5 9
313472 1999 4 15
312692 1999 2 5
312693 1999 4 8
312696 1999 9 2
312698 1999 5 92
312700 1999 7 43
312701 1999 3 4
312703 1999 7 3
312711 1999 4 0
312714 1999 6 2
312718 1999 4 32
312721 1999 1 0
312725 1999 9 0
312727 1999 1 6
312730 1999 4 4
312732 1999 3 0
312733 1999 4 3
312737 1999 6 4
312739 1999 5 2
312741 1999 9 10
312743 1999 8 2
312745 1999 5 0
312748 1999 2 35
312749 1999 4 3
312751 1999 1 0
312752 1999 3 0
312755 1999 3 4
312756 1999 4 0
312758 1999 6 0
312759 1999 0 3
312763 1999 3 0
312764 1999 2 0
312765 1999 4 0
312767 1999 6 0
312768 1999 1 0
312769 1999 6 0
312770 1999 0 0
312771 1999 6 0
312772 1999 2 0
312773 1999 0 0
312774 1999 2 4
860517 2003 4 7
383961 2001 11 94
956953 2003 16 22
2816280 2004 28 0
383957 2001 20 92
1009000 2004 21 231
345543 2000 28 213
563911 2002 18 6
1321529 2007 11 7
383985 2001 20 128
1148263 2006 12 78
1277806 2007 21 27
964754 2003 72 39
564383 2002 40 102
1183633 2006 17 91
1403895 2008 24 12
779240 2002 97 7
1132959 2006 205 307
1969847 2011 290 47
290967 1998 0 2
290947 1998 21 154
290948 1998 28 36
290950 1998 29 19
290953 1998 10 210
290954 1998 24 226
290956 1998 29 311
290957 1998 14 102
290958 1998 26 125
290959 1998 28 21
290961 1998 7 68
290965 1998 15 42
290970 1998 23 195
290972 1998 30 272
290974 1998 22 84
290976 1998 16 36
290978 1998 33 40
290980 1998 12 58
290982 1998 11 46
290984 1998 13 3
290986 1998 22 28
290987 1998 23 26
290989 1998 25 5
290991 1998 15 50
290992 1998 26 7
290995 1998 20 202
290996 1998 41 121
290998 1998 19 30
291000 1998 33 35
291001 1998 15 26
291003 1998 11 31
291005 1998 21 18
291007 1998 28 24
291008 1998 22 912
291009 1998 23 91
291011 1998 18 35
291013 1998 30 20
291014 1998 16 203
291017 1998 15 139
291019 1998 27 42
291021 1998 0 0
291024 1998 5 0
291025 1998 6 658
291027 1998 9 0
291028 1998 2 2
291031 1998 7 3
291033 1998 3 3
291037 1998 4 0
291038 1998 5 2
291041 1998 6 0
291043 1998 7 4
291045 1998 3 0
291047 1998 7 6
291049 1998 6 0
291052 1998 9 2
291054 1998 7 3
291055 1998 5 0
291057 1998 3 2
291059 1998 4 7
291060 1998 9 0
291062 1998 7 0
291064 1998 2 0
291066 1998 3 10
291068 1998 9 2
291070 1998 5 0
291074 1998 5 0
291071 1998 4 0
291073 1998 12 0
291072 1998 2 0
291075 1998 5 0
291076 1998 3 0
291077 1998 4 0
291078 1998 3 0
291079 1998 4 0
1969847 2011 290 47
860436 2003 0 0
860437 2003 3 3
860439 2003 14 34
860440 2003 16 244
860441 2003 24 10
860443 2003 22 13
860444 2003 19 20
860445 2003 25 79
860447 2003 27 23
860448 2003 32 28
860449 2003 17 109
860451 2003 32 264
860452 2003 22 13
860453 2003 17 117
860455 2003 21 51
860456 2003 22 17
860457 2003 27 22
860459 2003 18 381
860460 2003 13 336
860461 2003 8 17
860463 2003 22 81
860464 2003 17 84
860466 2003 23 71
860467 2003 16 5
860469 2003 37 15
860470 2003 21 33
860471 2003 17 17
860473 2003 24 19
860474 2003 12 50
860475 2003 16 73
860477 2003 25 8
860478 2003 12 11
860479 2003 17 116
860481 2003 22 27
860482 2003 9 18
860483 2003 16 108
860485 2003 13 350
860486 2003 21 45
860487 2003 34 60
860489 2003 17 44
860490 2003 15 105
860491 2003 38 77
860493 2003 15 104
860494 2003 29 25
860495 2003 12 80
860497 2003 19 38
860498 2003 12 25
860499 2003 20 17
860501 2003 2 18
860502 2003 3 6
860503 2003 5 13
860504 2003 4 8
860505 2003 8 27
860506 2003 5 3
860507 2003 6 5
860508 2003 3 14
860509 2003 8 23
860510 2003 3 9
860511 2003 3 3
860512 2003 7 8
860513 2003 3 2
860514 2003 11 9
860515 2003 3 0
860516 2003 15 7
860517 2003 4 7
860518 2003 3 4
860519 2003 5 7
860520 2003 3 3
860521 2003 4 5
860522 2003 6 3
860523 2003 9 7
860524 2003 3 6
860525 2003 9 18
860526 2003 2 0
860527 2003 10 4
860528 2003 9 18
860529 2003 3 13
860530 2003 10 4
860531 2003 5 7
860532 2003 2 4
860533 2003 11 2
860534 2003 10 15
860535 2003 6 0
860536 2003 3 13
860537 2003 4 45
860538 2003 5 40
860539 2003 4 0
860540 2003 3 0
860541 2003 6 2
860542 2003 9 2
860543 2003 7 3
860544 2003 4 0
860545 2003 5 16
860546 2003 5 0
860547 2003 5 0
860548 2003 6 0
860549 2003 7 44
860550 2003 4 76
860552 2003 2 0
860553 2003 6 5
860554 2003 4 2
860555 2003 1 5
860556 2003 0 2
860557 2003 2 2
860558 2003 3 0
860559 2003 3 2
1367801 2008 38 2
2104797 2005 26 2
1704660 2009 141 10
1008993 2004 7 3
1008996 2004 35 27
1008997 2004 22 16
1008998 2004 10 35
1009000 2004 21 231
1009001 2004 27 38
1009002 2004 22 16
1009004 2004 21 112
1009005 2004 18 15
1009006 2004 34 87
1009008 2004 11 47
1009009 2004 37 37
1009010 2004 14 24
1009012 2004 22 43
1009013 2004 15 2
1009014 2004 36 27
1009016 2004 11 46
1009017 2004 28 15
1009018 2004 30 10
1009020 2004 22 37
1009021 2004 23 7
1009022 2004 15 33
1009024 2004 33 119
1009025 2004 32 54
1009026 2004 29 186
1009027 2004 19 92
1009029 2004 16 52
1009030 2004 17 200
1009031 2004 48 41
1009032 2004 21 12
1009034 2004 11 41
1009035 2004 34 53
1009036 2004 34 28
1009038 2004 13 33
1009039 2004 40 88
1009040 2004 29 190
1009042 2004 24 15
1009043 2004 13 8
1009044 2004 14 101
1009046 2004 14 24
1009048 2004 26 119
1009050 2004 9 83
1009051 2004 20 79
1009052 2004 27 20
1009053 2004 21 16
1009055 2004 28 19
1009056 2004 13 44
1009057 2004 21 104
1009058 2004 23 3
1008994 2004 7 0
1009060 2004 31 26
1009061 2004 14 22
1009062 2004 27 11
1009064 2004 16 16
1009065 2004 19 40
1009066 2004 19 26
1009068 2004 24 61
1009069 2004 23 8
1009070 2004 24 62
1009072 2004 7 0
1009073 2004 3 0
1009074 2004 4 4
1009075 2004 3 0
1009076 2004 4 12
1009077 2004 6 0
1009078 2004 1 10
1009079 2004 5 178
1009080 2004 5 3
1009081 2004 4 4
1009082 2004 8 0
1009083 2004 5 7
1009084 2004 4 0
1009085 2004 8 0
1009086 2004 4 13
1009087 2004 4 0
1009088 2004 5 3
1009089 2004 8 5
1009090 2004 7 0
1009091 2004 4 10
1009092 2004 9 2
1009093 2004 1 6
1009094 2004 4 8
1009095 2004 5 3
1009096 2004 6 10
1009097 2004 5 0
1009098 2004 4 4
1009099 2004 5 3
1009100 2004 3 6
1009101 2004 3 4
1009102 2004 4 5
1009103 2004 8 5
1009104 2004 3 50
1009105 2004 2 9
1009106 2004 4 12
1009107 2004 7 0
1009108 2004 3 3
1009109 2004 8 2
1009110 2004 4 13
1009111 2004 5 0
1009112 2004 9 4
1009113 2004 4 0
1009114 2004 7 6
1009115 2004 4 8
1009116 2004 5 2
1009117 2004 4 0
1009118 2004 4 0
1009119 2004 8 3
1009120 2004 1 0
1009121 2004 3 4
1009122 2004 4 4
1009123 2004 8 4
1009124 2004 5 14
1009125 2004 4 11
1009126 2004 3 0
1009127 2004 9 19
1009128 2004 5 0
1009129 2004 3 2
1009130 2004 4 3
1009131 2004 6 5
1009132 2004 1 51
1009133 2004 5 0
1009134 2004 7 0
1009135 2004 3 2
1009136 2004 4 0
1009137 2004 5 25
1009138 2004 2 0
1009139 2004 0 2
1009140 2004 3 0
1009141 2004 2 6
1009142 2004 2 0
1009143 2004 0 7
1009145 2004 0 0
1009146 2004 0 0
1009147 2004 0 12
1009148 2004 0 0
1009149 2004 0 0
1009152 2004 0 0
1009151 2004 0 0
1009150 2004 0 3
1009153 2004 0 0
2158588 2012 155 17
1076035 2005 0 0
1076039 2005 22 26
1076040 2005 19 14
1076041 2005 32 33
1076042 2005 21 24
1076044 2005 16 41
1076045 2005 20 150
1076046 2005 24 11
1076047 2005 29 38
1076049 2005 28 41
1076050 2005 25 30
1076051 2005 20 35
1076052 2005 22 4
1076054 2005 15 22
1076055 2005 13 61
1076056 2005 24 145
1076058 2005 25 23
1076059 2005 33 52
1076060 2005 19 8
1076062 2005 25 31
1076063 2005 26 445
1076064 2005 14 148
1076066 2005 11 48
1076067 2005 25 81
1076068 2005 29 38
1076070 2005 17 43
1076071 2005 19 48
1076072 2005 17 21
1076036 2005 0 0
1076074 2005 9 46
1076075 2005 14 31
1076076 2005 25 5
1076077 2005 38 29
1076079 2005 26 26
1076080 2005 15 69
1076081 2005 36 20
1076082 2005 21 57
1076084 2005 15 12
1076085 2005 30 50
1076086 2005 18 77
1076087 2005 40 89
1076089 2005 23 28
1076090 2005 16 20
1076091 2005 21 21
1076093 2005 8 0
1076094 2005 17 40
1076095 2005 16 13
1076097 2005 28 6
1076098 2005 18 4
1076099 2005 28 14
1076101 2005 20 21
1076102 2005 17 11
1076103 2005 20 65
1076105 2005 23 49
1076106 2005 15 68
1076107 2005 18 41
1076037 2005 0 5
1076109 2005 22 49
1076110 2005 27 25
1076111 2005 26 267
1076112 2005 26 38
1076114 2005 13 15
1076115 2005 26 289
1076116 2005 24 59
1076117 2005 24 6
1076119 2005 17 95
1076120 2005 18 98
1076121 2005 24 101
1076123 2005 28 18
1076124 2005 24 8
1076125 2005 22 12
1076127 2005 13 22
1076128 2005 21 40
1076129 2005 28 19
1076131 2005 10 5
1076132 2005 2 20
1076133 2005 3 8
1076134 2005 3 8
1076135 2005 7 6
1076136 2005 5 4
1076137 2005 2 0
1076138 2005 4 32
1076139 2005 7 8
1076140 2005 9 10
1076141 2005 6 3
1076142 2005 5 0
1076143 2005 4 0
1076144 2005 4 5
1076145 2005 6 6
1076146 2005 2 0
1076147 2005 4 0
1076148 2005 8 59
1076149 2005 6 3
1076150 2005 3 0
1076151 2005 4 0
1076152 2005 4 0
1076153 2005 2 2
1076154 2005 7 5
1076155 2005 3 8
1076156 2005 3 31
1076157 2005 6 0
1076158 2005 2 9
1076159 2005 3 5
1076160 2005 5 0
1076161 2005 4 16
1076162 2005 2 3
1076163 2005 3 5
1076164 2005 3 2
1076165 2005 4 3
1076166 2005 3 9
1076167 2005 3 0
1076168 2005 9 2
1076169 2005 7 4
1076170 2005 4 29
1076171 2005 5 6
1076172 2005 4 4
1076173 2005 4 2
1076174 2005 7 0
1076175 2005 9 3
1076176 2005 5 4
1076177 2005 6 4
1076178 2005 4 3
1076179 2005 12 5
1076180 2005 2 2
1076181 2005 3 0
1076182 2005 5 15
1076183 2005 4 0
1076185 2005 3 9
1076186 2005 7 8
1076187 2005 2 0
1076188 2005 0 0
1076189 2005 1 2
1076190 2005 1 2
1076191 2005 3 2
1076192 2005 2 0
1076193 2005 6 8
1076194 2005 3 0
1076195 2005 2 5
1230135 2005 0 0
1629099 2009 17 19
1793282 2008 21 15
1390346 2008 24 26
1277806 2007 21 27
1871899 2010 43 8
1969847 2011 290 47
1148171 2006 6 0
1148175 2006 21 161
1148176 2006 20 97
1148177 2006 27 374
1148179 2006 34 49
1148180 2006 20 24
1148181 2006 21 197
1148183 2006 17 19
1148184 2006 23 6
1148185 2006 26 8
1148187 2006 23 5
1148188 2006 39 58
1148189 2006 20 47
1148191 2006 39 19
1148192 2006 21 14
1148193 2006 31 35
1148195 2006 28 18
1148196 2006 15 76
1148197 2006 26 39
1148199 2006 21 8
1148200 2006 22 77
1148201 2006 19 84
1148203 2006 20 13
1148204 2006 20 278
1148205 2006 28 140
1148207 2006 27 12
1148208 2006 20 30
1148172 2006 28 10
1148210 2006 19 8
1148211 2006 18 22
1148212 2006 24 99
1148214 2006 27 25
1148215 2006 35 78
1148216 2006 19 23
1148218 2006 21 12
1148219 2006 16 99
1148220 2006 22 9
1148222 2006 15 132
1148223 2006 19 16
1148224 2006 28 24
1148225 2006 36 30
1148227 2006 26 26
1148228 2006 21 20
1148229 2006 21 23
1148230 2006 28 8
1148232 2006 20 29
1148233 2006 17 21
1148234 2006 24 60
1148235 2006 19 71
1148173 2006 0 2
1148237 2006 20 16
1148238 2006 20 85
1148239 2006 11 37
1148241 2006 27 48
1148242 2006 14 26
1148243 2006 17 33
1148245 2006 22 143
1148246 2006 21 20
1148247 2006 24 19
1148249 2006 25 32
1148250 2006 42 20
1148251 2006 23 0
1148253 2006 13 60
1148254 2006 19 61
1148255 2006 34 21
1148257 2006 19 144
1148258 2006 31 45
1148259 2006 20 15
1148261 2006 17 73
1148262 2006 20 36
1148263 2006 12 78
1148265 2006 31 69
1148266 2006 22 14
1148267 2006 20 25
1148269 2006 29 45
1148270 2006 24 20
1148271 2006 15 9
1148273 2006 8 10
1148274 2006 4 0
1148275 2006 2 6
1148276 2006 3 14
1148277 2006 4 7
1148278 2006 3 2
1148279 2006 4 0
1148280 2006 5 2
1148281 2006 7 2
1148282 2006 5 8
1148283 2006 6 0
1148284 2006 4 20
1148286 2006 5 3
1148287 2006 4 13
1148288 2006 8 3
1148289 2006 6 15
1148290 2006 2 0
1148291 2006 8 0
1148292 2006 5 0
1148293 2006 6 4
1148294 2006 6 0
1148295 2006 6 6
1148296 2006 6 11
1148297 2006 8 7
1148298 2006 4 0
1148299 2006 2 2
1148300 2006 7 7
1148301 2006 4 0
1148302 2006 6 0
1148303 2006 5 0
1148304 2006 6 13
1148305 2006 7 5
1148306 2006 3 5
1148307 2006 10 11
1148308 2006 4 2
1148309 2006 6 0
1148310 2006 6 13
1148311 2006 5 11
1148312 2006 1 6
1148313 2006 6 0
1148314 2006 4 4
1148315 2006 5 0
1148316 2006 4 3
1148317 2006 3 5
1148318 2006 5 0
1148319 2006 4 4
1148320 2006 7 81
1148321 2006 6 0
1148322 2006 6 4
1148323 2006 7 6
1148324 2006 3 0
1148325 2006 5 2
1148326 2006 9 23
1148327 2006 6 3
1148328 2006 5 0
1148329 2006 6 3
1148330 2006 6 12
1148331 2006 5 0
1148332 2006 7 4
1148333 2006 4 0
1148334 2006 4 3
1148335 2006 0 0
1148336 2006 7 13
1148338 2006 3 0
1148339 2006 1 0
1148340 2006 1 0
1148341 2006 1 7
1148342 2006 0 0
1148343 2006 4 3
1148344 2006 3 0
1148345 2006 2 3
1148346 2006 1 2
1148347 2006 2 0
1148348 2006 2 15
1793282 2008 21 15
2158588 2012 155 17
1969847 2011 290 47
1277742 2007 0 0
1277743 2007 0 0
1277744 2007 0 0
1277746 2007 38 103
1277747 2007 36 31
1277748 2007 26 35
1277750 2007 25 13
1277751 2007 22 83
1277752 2007 27 60
1277754 2007 21 22
1277755 2007 16 34
1277756 2007 17 43
1277758 2007 27 23
1277759 2007 28 61
1277760 2007 31 14
1277762 2007 27 192
1277763 2007 21 18
1277764 2007 16 15
1277766 2007 25 54
1277767 2007 18 45
1277768 2007 28 21
1277770 2007 26 125
1277771 2007 21 88
1277772 2007 26 17
1277774 2007 19 55
1277775 2007 17 87
1277776 2007 33 36
1277778 2007 27 19
1277779 2007 21 60
1277780 2007 21 33
1277782 2007 18 5
1277783 2007 23 80
1277784 2007 14 197
1277786 2007 13 9
1277787 2007 35 67
1277788 2007 26 18
1277790 2007 21 197
1277791 2007 31 42
1277792 2007 22 77
1277795 2007 21 39
1277796 2007 29 91
1277797 2007 28 13
1277799 2007 16 5
1277800 2007 15 8
1277801 2007 27 25
1277802 2007 22 28
1277804 2007 18 9
1277805 2007 11 15
1277806 2007 21 27
1277808 2007 20 61
1277809 2007 31 213
1277810 2007 26 30
1277811 2007 33 64
1277813 2007 24 59
1277814 2007 32 86
1277815 2007 17 25
1277817 2007 31 29
1277818 2007 26 35
1277820 2007 18 44
1277821 2007 27 31
1277823 2007 24 34
1277824 2007 16 23
1277825 2007 25 78
1277827 2007 26 15
1277828 2007 15 17
1277829 2007 28 10
1277831 2007 35 47
1277832 2007 29 32
1277833 2007 17 12
1277835 2007 17 77
1277836 2007 24 42
1277837 2007 14 126
1277839 2007 19 52
1277840 2007 51 9
1277841 2007 19 34
1277843 2007 31 33
1277844 2007 19 4
1277845 2007 25 44
1277847 2007 28 20
1277848 2007 19 5
1277849 2007 20 8
1277851 2007 26 27
1277852 2007 14 3
1277853 2007 22 29
1277855 2007 14 21
1277856 2007 19 48
1277857 2007 23 20
1277859 2007 3 4
1277860 2007 4 3
1277861 2007 8 0
1277862 2007 6 0
1277863 2007 6 4
1277864 2007 5 12
1277865 2007 7 0
1277866 2007 5 2
1277867 2007 8 0
1277868 2007 2 33
1277869 2007 4 4
1277870 2007 4 16
1277871 2007 4 3
1277872 2007 10 3
1277873 2007 5 0
1277874 2007 3 4
1277875 2007 11 0
1277876 2007 5 32
1277877 2007 5 3
1277878 2007 6 2
1277879 2007 3 3
1277880 2007 13 13
1277881 2007 9 0
1277882 2007 2 20
1277883 2007 4 12
1277884 2007 5 3
1277885 2007 4 3
1277886 2007 4 4
1277887 2007 6 4
1277888 2007 5 0
1277889 2007 6 0
1277890 2007 4 8
1277891 2007 14 4
1277892 2007 3 12
1277893 2007 7 0
1277894 2007 5 25
1277895 2007 4 0
1277896 2007 5 4
1277897 2007 3 0
1277898 2007 6 2
1277899 2007 9 11
1277900 2007 3 0
1277901 2007 5 0
1277902 2007 4 49
1277903 2007 6 9
1277904 2007 2 10
1277905 2007 5 0
1277906 2007 6 0
1277907 2007 3 18
1277908 2007 3 6
1277909 2007 3 69
1277910 2007 6 6
1277911 2007 4 3
1277912 2007 7 35
1277913 2007 3 2
1277914 2007 11 28
1277915 2007 7 5
1277916 2007 7 5
1277917 2007 9 5
1277918 2007 7 7
1277919 2007 3 4
1277920 2007 3 10
1277921 2007 5 49
1277922 2007 9 13
1277923 2007 6 3
1277924 2007 6 2
1277925 2007 2 0
1277926 2007 7 12
1277927 2007 3 25
1277928 2007 6 21
1277929 2007 5 3
1277930 2007 4 6
1277931 2007 6 8
1277932 2007 6 0
1277933 2007 4 2
1277934 2007 7 8
1277935 2007 10 7
1277936 2007 2 2
1277937 2007 4 24
1277938 2007 2 20
1277939 2007 4 21
1277940 2007 6 0
1277941 2007 7 0
1277942 2007 2 16
1277943 2007 5 0
1277944 2007 7 0
1277945 2007 4 0
1277946 2007 5 0
1277947 2007 6 4
1277948 2007 6 0
1277949 2007 7 3
1277950 2007 7 5
1277951 2007 3 24
1277952 2007 7 0
1277953 2007 7 26
1277954 2007 7 0
1277955 2007 6 4
1277956 2007 6 2
1277957 2007 10 0
1277958 2007 7 0
1277959 2007 6 0
1277960 2007 9 0
1277961 2007 5 3
1277962 2007 8 0
1277963 2007 4 0
1277965 2007 6 0
1277966 2007 3 0
1277967 2007 3 0
1277968 2007 2 5
1277969 2007 3 2
1277970 2007 0 0
1277971 2007 0 4
1277972 2007 1 0
1277973 2007 0 0
1277974 2007 1 0
1277975 2007 6 0
1277976 2007 3 4
1277977 2007 2 3
1277978 2007 2 0
1277979 2007 2 2
1277980 2007 2 0
1277981 2007 3 0
1277982 2007 2 3
1277984 2007 4 0
1277985 2007 4 6
1277987 2007 2 5
1277988 2007 0 0
1277989 2007 3 0
1277990 2007 6 0
1277991 2007 3 4
1277992 2007 3 0
1277993 2007 5 0
1390335 2008 0 0
1390336 2008 0 0
1390338 2008 18 11
1390339 2008 27 23
1390340 2008 29 17
1390342 2008 25 11
1390343 2008 19 14
1390344 2008 27 8
1390346 2008 24 26
1390347 2008 12 15
1390348 2008 31 4
1390350 2008 21 17
1390351 2008 25 83
1390352 2008 15 32
1390354 2008 24 20
1390355 2008 31 35
1390356 2008 29 57
1390358 2008 16 21
1390359 2008 22 33
1390360 2008 19 17
1390362 2008 9 40
1390363 2008 30 98
1390364 2008 26 90
1390366 2008 46 23
1390367 2008 25 76
1390368 2008 28 12
1390370 2008 20 11
1390371 2008 24 10
1390372 2008 18 5
1390374 0 0 0
1390375 2008 25 14
1390376 2008 35 63
1390377 2008 24 123
1390379 2008 37 30
1390380 2008 18 22
1390381 2008 27 26
1390382 2008 31 11
1390384 2008 23 29
1390385 2008 25 28
1390386 2008 28 71
1390387 2008 34 70
1390389 2008 15 57
1390392 2008 13 146
1390393 2008 21 111
1390394 2008 19 75
1390396 2008 18 41
1390397 2008 36 14
1390399 2008 26 15
1390400 2008 28 50
1390401 2008 28 38
1390403 2008 36 29
1390404 2008 22 58
1390405 2008 26 41
1390407 2008 25 12
1390408 2008 21 14
1390409 2008 17 22
1390411 2008 21 4
1390412 2008 24 62
1390413 2008 15 8
1390415 2008 23 73
1390416 2008 16 119
1390417 2008 29 76
1390419 2008 34 108
1390420 2008 24 45
1390421 2008 25 9
1390423 2008 16 88
1390424 2008 36 64
1390425 2008 20 136
1390427 2008 28 6
1390428 2008 41 16
1390429 2008 26 7
1390431 2008 30 43
1390432 2008 20 34
1390433 2008 20 14
1390435 2008 17 66
1390436 2008 21 89
1390437 2008 14 67
1390438 2008 27 30
1390440 2008 24 51
1390441 2008 25 56
1390442 2008 20 12
1390443 2008 34 12
1390445 2008 21 44
1390446 2008 32 282
1390447 2008 25 73
1390448 2008 17 5
1390450 2008 5 6
1390451 2008 2 12
1390452 2008 4 0
1390453 2008 6 38
1390454 2008 8 5
1390455 2008 9 2
1390456 2008 8 10
1390457 2008 5 0
1390458 2008 5 3
1390459 2008 5 9
1390460 2008 11 8
1390461 2008 7 6
1390462 2008 4 32
1390463 2008 7 2
1390464 2008 4 0
1390465 2008 3 5
1390466 2008 4 0
1390467 2008 4 2
1390468 2008 4 2
1390469 2008 6 5
1390471 2008 7 0
1390472 2008 1 4
1390473 2008 8 20
1390474 2008 1 13
1390475 2008 5 0
1390476 2008 6 4
1390477 2008 4 18
1390478 2008 4 8
1390479 2008 3 8
1390480 2008 3 0
1390481 2008 6 15
1390482 2008 8 5
1390483 2008 5 6
1390484 2008 4 3
1390485 2008 5 9
1390486 2008 13 23
1390487 2008 6 0
1390488 2008 4 3
1390489 2008 5 0
1390490 2008 7 0
1390491 2008 4 0
1390492 2008 7 3
1390494 2008 5 11
1390495 2008 6 7
1390496 2008 5 0
1390497 2008 11 3
1390498 2008 4 7
1390499 2008 5 2
1390500 2008 7 2
1390501 2008 6 9
1390502 2008 7 3
1390503 2008 6 0
1390504 2008 7 5
1390505 2008 4 0
1390506 2008 7 11
1390507 2008 3 0
1390508 2008 7 4
1390509 2008 6 6
1390510 2008 3 0
1390511 2008 5 0
1390512 2008 8 0
1390514 2008 3 6
1390515 2008 7 2
1390516 2008 5 0
1390517 2008 7 22
1390518 2008 8 4
1390519 2008 11 6
1390520 2008 13 5
1390521 2008 9 4
1390523 2008 9 4
1390524 2008 14 10
1390525 2008 4 0
1390526 2008 9 0
1390527 2008 5 2
1390528 2008 4 0
1390529 2008 6 0
1390530 2008 6 2
1390531 2008 5 3
1390532 2008 7 8
1390534 2008 8 0
1390535 2008 7 5
1390536 2008 6 8
1390537 2008 9 6
1390538 2008 5 10
1390539 2008 12 9
1390540 2008 6 0
1390541 2008 3 16
1390542 2008 3 3
1390543 2008 8 0
1390544 2008 3 2
1390546 2008 5 5
1390547 2008 2 4
1390548 2008 7 3
1390549 2008 10 6
1390550 2008 6 2
1390551 2008 4 0
1390553 2008 0 0
1390554 2008 2 0
1390555 2008 4 3
1390556 2008 1 0
1390557 2008 3 0
1390558 2008 1 0
1390559 2008 3 2
1390560 2008 4 2
1390561 2008 4 3
1390562 2008 3 0
1390563 2008 5 2
1390565 2008 0 0
1390566 2008 5 0
1390567 2008 2 0
1390568 2008 4 0
1390569 2008 3 0
1390570 2008 5 0
1390571 2008 4 0
1390572 2008 3 0
1390573 2008 4 0
1390574 2008 2 0
1390575 2008 0 0
1969847 2011 290 47
2158588 2012 155 17
1571942 2009 0 4
1571945 2009 29 57
1571946 2009 26 41
1571947 2009 20 16
1571949 2009 28 6
1571950 2009 23 24
1571951 2009 19 59
1571953 2009 22 8
1571954 2009 34 64
1571955 2009 22 27
1571957 2009 25 11
1571958 2009 22 2
1571959 2009 39 6
1571961 2009 28 12
1571963 2009 25 97
1571965 2009 13 16
1571966 2009 22 17
1571967 2009 21 56
1571969 2009 31 23
1571970 2009 15 32
1571971 2009 28 19
1571973 2009 34 23
1571974 2009 30 21
1571975 2009 19 70
1571977 2009 21 161
1571978 2009 24 146
1571979 2009 18 38
1571981 2009 34 27
1571982 2009 19 12
1571983 2009 11 4
1571985 2009 22 7
1571987 2009 23 10
1571989 2009 26 87
1571990 2009 23 3
1571991 2009 17 5
1571994 2009 32 79
1571995 2009 21 11
1571997 2009 20 81
1571998 2009 26 26
1571999 2009 22 5
1572001 2009 26 29
1572002 2009 26 28
1572003 2009 28 48
1572005 2009 37 71
1572006 2009 22 46
1572007 2009 20 5
1572009 2009 39 18
1572010 2009 30 46
1572011 2009 20 19
1572013 2009 16 21
1572014 2009 28 23
1572015 2009 27 12
1571943 2009 0 0
1572017 2009 17 19
1572018 2009 20 8
1572019 2009 17 22
1572021 2009 13 26
1572022 2009 23 26
1572023 2009 32 24
1572025 2009 29 103
1572026 2009 18 12
1572027 2009 24 32
1572029 2009 29 27
1572030 2009 33 17
1572031 2009 20 30
1572033 2009 26 37
1572034 2009 23 48
1572035 2009 17 0
1572037 2009 20 19
1572038 2009 29 66
1572039 2009 20 37
1572041 2009 19 12
1572042 2009 57 18
1572043 2009 17 7
1572045 2009 30 3
1572046 2009 20 24
1572047 2009 34 47
1572049 2009 5 3
1572050 2009 2 11
1572051 2009 8 2
1572052 2009 4 0
1572053 2009 4 0
1572054 2009 6 3
1572055 2009 6 7
1572056 2009 3 0
1572057 2009 3 0
1572058 2009 13 6
1572059 2009 5 0
1572060 2009 7 2
1572061 2009 6 0
1572062 2009 7 0
1572063 2009 9 9
1572064 2009 8 0
1572065 2009 6 0
1572066 2009 4 11
1572067 2009 6 4
1572068 2009 3 0
1572069 2009 8 0
1572070 2009 12 18
1572071 2009 10 5
1572072 2009 2 5
1572073 2009 2 11
1572074 2009 5 5
1572075 2009 5 3
1572076 2009 6 0
1572077 2009 7 0
1572078 2009 3 0
1572079 2009 3 2
1572080 2009 5 5
1572081 2009 2 8
1572082 2009 6 2
1572083 2009 6 2
1572084 2009 5 2
1572085 2009 4 55
1572086 2009 7 0
1572087 2009 4 5
1572088 2009 6 0
1572089 2009 7 2
1572090 2009 4 5
1572091 2009 4 4
1572092 2009 6 20
1572093 2009 5 18
1572094 2009 7 4
1572095 2009 7 4
1572096 2009 3 5
1572097 2009 10 6
1572098 2009 6 4
1572099 2009 6 0
1572100 2009 7 0
1572101 2009 4 0
1572102 2009 8 14
1572103 2009 8 11
1572104 2009 7 8
1572105 2009 4 4
1572106 2009 5 8
1572107 2009 3 2
1572108 2009 3 6
1572109 2009 7 3
1572110 2009 8 5
1572111 2009 6 0
1572112 2009 7 7
1572113 2009 4 20
1572114 2009 6 40
1572115 2009 6 6
1572116 2009 5 9
1572117 2009 6 3
1572118 2009 4 2
1572119 2009 12 0
1572120 2009 10 0
1572121 2009 3 0
1572122 2009 7 10
1572123 2009 2 2
1572124 2009 3 3
1572125 2009 5 4
1572126 2009 7 0
1572127 2009 5 10
1572128 2009 5 0
1572129 2009 3 0
1572130 2009 3 0
1572131 2009 8 2
1572132 2009 4 3
1572133 2009 4 26
1572134 2009 3 0
1572135 2009 6 6
1572136 2009 6 5
1572137 2009 5 0
1572138 2009 7 16
1572139 2009 4 29
1572140 2009 8 21
1572141 2009 6 0
1572142 2009 3 0
1572143 2009 4 5
1572144 2009 5 2
1572145 2009 5 5
1572146 2009 6 8
1572147 2009 5 5
1572148 2009 6 0
1572149 2009 10 0
1572150 2009 6 4
1572151 2009 3 7
1572153 2009 1 5
1572154 2009 5 0
1572155 2009 2 0
1572156 2009 2 15
1572157 2009 3 7
1572158 2009 2 3
1572159 2009 1 0
1572160 2009 2 14
1572161 2009 1 2
1572162 2009 3 0
1572163 2009 0 2
1572164 2009 1 0
1572166 2009 5 0
1572167 2009 2 0
1572168 2009 3 2
1572169 2009 2 0
1572170 2009 1 0
1572171 2009 3 0
1572172 2009 1 0
1572173 2009 3 0
1572174 2009 2 0
1572175 2009 3 0
1572176 2009 5 2
1572177 2009 5 0
1969847 2011 290 47
1835450 2010 0 3
1835453 2010 20 17
1835454 2010 24 16
1835455 2010 50 81
1835457 2010 18 42
1835458 2010 17 71
1835459 2010 25 52
1835461 2010 20 15
1835462 2010 26 16
1835463 2010 27 23
1835465 2010 23 6
1835466 2010 21 22
1835467 2010 17 16
1835468 2010 29 7
1835470 2010 20 20
1835471 2010 35 23
1835472 2010 35 10
1835473 2010 34 47
1835475 2010 25 26
1835476 2010 9 10
1835478 2010 37 17
1835480 2010 18 12
1835481 2010 19 6
1835482 2010 15 12
1835484 2010 33 65
1835485 2010 24 5
1835486 2010 12 57
1835487 2010 17 14
1835489 2010 35 11
1835490 2010 21 33
1835491 2010 19 13
1835451 2010 0 0
1835493 2010 35 18
1835494 2010 34 13
1835495 2010 26 26
1835497 2010 26 20
1835498 2010 30 8
1835499 2010 18 25
1835501 2010 25 4
1835502 2010 23 12
1835503 2010 25 12
1835505 2010 42 28
1835506 2010 21 26
1835507 2010 29 9
1835508 2010 19 5
1835510 2010 20 14
1835511 2010 24 16
1835512 2010 24 14
1835513 2010 26 50
1835515 2010 19 9
1835516 2010 29 12
1835517 2010 26 29
1835518 2010 16 71
1835520 2010 21 15
1835521 2010 20 4
1835522 2010 26 94
1835524 2010 30 20
1835525 2010 19 53
1835526 2010 11 13
1835528 2010 33 11
1835529 2010 21 4
1835530 2010 22 3
1835532 2010 34 4
1835533 2010 21 13
1835534 2010 22 17
1835536 2010 33 24
1835537 2010 27 47
1835538 2010 7 12
1835540 2010 17 40
1835541 2010 17 8
1835542 2010 28 39
1835544 2010 27 8
1835545 2010 18 32
1835546 2010 34 54
1835548 2010 33 55
1835549 2010 14 16
1835550 2010 27 38
1835551 2010 32 39
1835553 2010 27 3
1835554 2010 30 5
1835555 2010 30 8
1835556 2010 22 7
1835558 2010 18 6
1835559 2010 33 11
1835560 2010 20 41
1835562 2010 27 16
1835563 2010 38 16
1835564 2010 22 27
1835566 2010 2 2
1835567 2010 3 0
1835568 2010 6 0
1835569 2010 3 4
1835570 2010 2 2
1835571 2010 1 0
1835572 2010 2 0
1835573 2010 4 0
1835574 2010 0 3
1835575 2010 2 0
1835577 2010 5 7
1835578 2010 9 3
1835579 2010 4 0
1835580 2010 6 2
1835581 2010 5 3
1835582 2010 2 4
1835583 2010 5 0
1835584 2010 4 0
1835585 2010 7 0
1835586 2010 2 0
1835587 2010 3 0
1835588 2010 4 11
1835589 2010 7 0
1835590 2010 4 0
1835591 2010 8 9
1835592 2010 5 0
1835593 2010 10 3
1835594 2010 9 4
1835595 2010 6 0
1835596 2010 4 6
1835597 2010 2 4
1835598 2010 5 0
1835599 2010 4 0
1835600 2010 6 0
1835601 2010 5 0
1835602 2010 6 3
1835603 2010 6 8
1835604 2010 3 9
1835605 2010 4 12
1835606 2010 6 9
1835607 2010 7 7
1835608 2010 4 4
1835609 2010 6 2
1835610 2010 2 18
1835611 2010 11 0
1835612 2010 8 0
1835613 2010 7 4
1835614 2010 5 3
1835615 2010 6 13
1835616 2010 3 34
1835617 2010 7 16
1835618 2010 6 2
1835619 2010 6 2
1835620 2010 3 6
1835621 2010 10 13
1835622 2010 6 0
1835623 2010 7 3
1835624 2010 5 0
1835625 2010 9 0
1835626 2010 8 12
1835627 2010 9 4
1835628 2010 9 6
1835629 2010 6 0
1835630 2010 15 0
1835631 2010 3 4
1835632 2010 5 8
1835633 2010 8 5
1835635 2010 9 5
1835636 2010 5 2
1835637 2010 6 7
1835638 2010 7 2
1835639 2010 6 14
1835640 2010 5 0
1835641 2010 4 0
1835642 2010 3 3
1835643 2010 6 101
1835644 2010 16 2
1835645 2010 6 12
1835646 2010 5 10
1835647 2010 6 0
1835648 2010 5 22
1835649 2010 6 4
1835650 2010 9 10
1835651 2010 7 0
1835652 2010 8 4
1835653 2010 5 5
1835654 2010 7 0
1835655 2010 7 0
1835656 2010 6 0
1835657 2010 7 3
1835658 2010 6 0
1835659 2010 4 0
1835660 2010 10 6
1835661 2010 9 2
1835662 2010 4 5
1835663 2010 4 3
1835664 2010 3 2
1835665 2010 3 0
1835666 2010 3 6
1835667 2010 7 11
1835668 2010 5 0
1835669 2010 4 0
1835670 2010 1 0
1835671 2010 5 14
1835672 2010 1 0
1835673 2010 9 4
1835675 2010 0 0
1835676 2010 0 5
1835677 2010 0 0
1835678 2010 1 0
1835679 2010 0 0
1835680 2010 0 2
1835681 2010 0 0
1835682 2010 0 6
1835683 2010 0 6
1835684 2010 0 0
1835685 2010 0 2
1835687 2010 3 0
1835688 2010 3 2
1835689 2010 3 0
1835690 2010 4 0
1835691 2010 7 0
1835692 2010 5 0
1835693 2010 2 0
1835694 2010 1 0
1835695 2010 2 0
1835696 2010 4 0
1835697 2010 3 0
2009918 2011 0 0
2009920 2011 0 0
2009922 2011 36 48
2009923 2011 27 39
2009924 2011 32 2
2009925 2011 29 16
2009927 2011 34 12
2009928 2011 24 11
2009929 2011 31 28
2009930 2011 19 4
2009932 2011 34 45
2009933 2011 32 25
2009934 2011 30 34
2009935 2011 46 11
2009937 2011 26 28
2009938 2011 35 49
2009939 2011 28 6
2009941 2011 29 11
2009942 2011 33 15
2009943 2011 32 2
2009945 2011 22 40
2009946 2011 35 4
2009947 2011 30 46
2009949 2011 35 3
2009950 2011 54 52
2009951 2011 30 3
2009952 2011 28 12
2009954 2011 36 22
2009955 2011 32 18
2009956 2011 21 2
2009957 2011 25 17
2009959 2011 29 49
2009960 2011 16 36
2009961 2011 26 47
2009962 2011 27 154
2009964 2011 25 25
2009965 2011 31 54
2009966 2011 35 12
2009967 2011 26 19
2009969 2011 26 6
2009970 2011 30 8
2009971 2011 32 6
2009972 2011 32 10
2009974 2011 40 25
2009975 2011 24 19
2009976 2011 22 13
2009977 2011 26 4
2009979 2011 37 6
2009980 2011 17 6
2009981 2011 36 16
2009983 2011 43 5
2009984 2011 26 38
2009985 2011 39 5
2009987 2011 35 0
2009988 2011 37 26
2009989 2011 32 7
2009991 2011 22 9
2009992 2011 38 16
2009993 2011 26 7
2009994 2011 19 0
2009996 2011 29 17
2009997 2011 42 31
2009998 2011 39 40
2009999 2011 28 4
2010001 2011 31 19
2010002 2011 21 77
2010003 2011 26 0
2010004 2011 25 13
2010006 2011 23 34
2010007 2011 34 28
2010008 2011 37 27
2010010 2011 39 32
2010011 2011 26 6
2010012 2011 30 5
2010014 2011 34 14
2010015 2011 39 5
2010016 2011 21 43
2010018 2011 36 13
2010019 2011 25 66
2010020 2011 20 14
2010021 2011 36 8
2010023 2011 28 47
2010024 2011 36 11
2010025 2011 25 15
2010026 2011 29 15
2010028 2011 20 18
2010029 2011 31 29
2010030 2011 43 4
2010031 2011 23 9
2010033 2011 36 6
2010034 2011 26 21
2010035 2011 48 16
2010037 2011 20 34
2010038 2011 27 34
2010039 2011 20 26
2010041 2011 25 13
2010042 2011 36 13
2010043 2011 27 6
2010045 2011 33 19
2010046 2011 32 13
2010047 2011 21 11
2010048 2011 37 52
2010050 2011 31 18
2010051 2011 24 4
2010052 2011 21 6
2010053 2011 27 15
2010055 2011 31 36
2010056 2011 17 30
2010057 2011 24 22
2010058 2011 39 6
2010060 2011 10 5
2010061 2011 4 0
2010062 2011 6 10
2010063 2011 5 14
2010064 2011 7 5
2010065 2011 3 2
2010066 2011 7 2
2010067 2011 7 0
2010068 2011 10 0
2010069 2011 4 2
2010070 2011 4 19
2010071 2011 6 4
2010072 2011 5 4
2010073 2011 5 2
2010074 2011 4 0
2010075 2011 4 5
2010076 2011 10 8
2010077 2011 5 0
2010078 2011 6 0
2010079 2011 7 2
2010080 2011 4 0
2010081 2011 9 0
2010082 2011 8 2
2010083 2011 6 0
2010084 2011 5 0
2010085 2011 10 4
2010086 2011 4 0
2010087 2011 6 7
2010088 2011 2 0
2010089 2011 3 0
2010090 2011 3 9
2010091 2011 4 0
2010092 2011 8 5
2010093 2011 3 0
2010094 2011 6 6
2010095 2011 4 4
2010096 2011 5 0
2010097 2011 5 2
2010098 2011 7 0
2010099 2011 6 2
2010100 2011 3 0
2010101 2011 3 0
2010102 2011 6 0
2010103 2011 7 2
2010104 2011 6 25
2010105 2011 6 0
2010106 2011 5 0
2010107 2011 5 0
2010108 2011 7 4
2010109 2011 8 2
2010110 2011 5 0
2010111 2011 6 2
2010112 2011 5 3
2010113 2011 7 2
2010114 2011 6 2
2010115 2011 9 0
2010116 2011 5 0
2010117 2011 8 0
2010119 2011 5 0
2010120 2011 9 0
2010121 2011 5 2
2010122 2011 3 0
2010123 2011 4 6
2010124 2011 6 11
2010125 2011 6 3
2010127 2011 4 2
2010128 2011 7 4
2010129 2011 7 3
2010130 2011 5 2
2010131 2011 5 9
2010132 2011 6 3
2010133 2011 8 12
2010134 2011 3 8
2010135 2011 6 4
2010136 2011 4 9
2010137 2011 7 0
2010138 2011 7 0
2010139 2011 9 0
2010140 2011 3 2
2010141 2011 6 5
2010142 2011 11 7
2010144 2011 6 2
2010145 2011 5 0
2010146 2011 5 3
2010147 2011 5 4
2010148 2011 3 0
2010149 2011 9 3
2010151 2011 2 0
2010152 2011 2 0
2010153 2011 1 2
2010154 2011 2 0
2010155 2011 4 0
2010156 2011 2 0
2010157 2011 1 0
2010158 2011 0 0
2010159 2011 3 0
2010160 2011 7 0
2010161 2011 2 0
2010162 2011 4 0
2010163 2011 2 0
2010164 2011 1 0
2010165 2011 4 0
2010167 2011 0 0
2010168 2011 0 0
2010169 2011 0 0
2010170 2011 0 8
2010171 2011 0 0
2010172 2011 0 0
2010173 2011 0 0
2010175 2011 5 0
2010176 2011 2 0
2010177 2011 5 0
2010178 2011 4 0
2010179 2011 4 0
2010180 2011 3 4
2010181 2011 5 0
2010182 2011 5 0
2010183 2011 3 0
2010184 2011 3 0
2010185 2011 5 0
2010187 2011 2 0
2010188 2011 3 0
2010189 2011 0 3
2010190 2011 5 0
2010191 2011 0 0
3003172 2016 87 0
2348285 2012 3 2
2348286 2012 0 0
2348288 2012 28 2
2348289 2012 36 6
2348290 2012 24 18
2348292 2012 33 11
2348293 2012 42 21
2348294 2012 40 5
2348296 2012 29 45
2348297 2012 29 20
2348298 2012 23 2
2348300 2012 43 63
2348301 2012 33 19
2348302 2012 26 25
2348304 2012 25 20
2348305 2012 35 5
2348306 2012 28 4
2348308 2012 39 50
2348309 2012 22 15
2348310 2012 36 18
2348312 2012 37 72
2348313 2012 37 26
2348314 2012 18 13
2348315 2012 20 2
2348317 2012 45 13
2348318 2012 28 10
2348319 2012 34 3
2348320 2012 42 8
2348322 2012 26 9
2348323 2012 31 19
2348324 2012 27 6
2348325 2012 43 11
2348327 2012 29 17
2348328 2012 41 20
2348329 2012 27 4
2348330 2012 27 4
2348332 2012 15 14
2348333 2012 26 10
2348334 2012 17 4
2348335 2012 28 6
2348337 2012 17 0
2348338 2012 28 2
2348339 2012 33 9
2348341 2012 44 16
2348342 2012 40 11
2348343 2012 28 24
2348345 2012 33 11
2348346 2012 39 5
2348347 2012 32 0
2348349 2012 21 9
2348350 2012 27 7
2348351 2012 21 4
2348353 2012 23 12
2348354 2012 33 4
2348355 2012 31 3
2348356 2012 44 19
2348358 2012 41 19
2348359 2012 27 20
2348360 2012 27 11
2348361 2012 21 41
2348363 2012 24 4
2348364 2012 34 42
2348365 2012 26 6
2348367 2012 31 22
2348368 2012 22 13
2348369 2012 20 8
2348371 2012 34 26
2348372 2012 35 63
2348373 2012 33 51
2348375 2012 19 0
2348376 2012 29 14
2348377 2012 19 4
2348379 2012 28 12
2348380 2012 21 40
2348381 2012 42 28
2348383 2012 42 10
2348384 2012 34 11
2348385 2012 39 15
2348387 2012 31 11
2348388 2012 18 8
2348389 2012 22 0
2348390 2012 26 19
2348392 2012 28 0
2348393 2012 34 4
2348394 2012 15 2
2348396 2012 24 19
2348397 2012 44 22
2348398 2012 17 9
2348400 2012 44 36
2348401 2012 16 7
2348402 2012 11 12
2348403 2012 21 5
2348405 2012 28 23
2348406 2012 39 3
2348407 2012 36 6
2348408 2012 46 27
2348410 2012 20 0
2348411 2012 24 3
2348412 2012 39 8
2348413 2012 39 10
2348415 2012 3 0
2348416 2012 3 0
2348417 2012 10 0
2348418 2012 9 0
2348419 2012 3 0
2348420 2012 2 2
2348421 2012 3 0
2348422 2012 7 0
2348423 2012 5 0
2348424 2012 2 0
2348426 2012 2 0
2348427 2012 4 2
2348428 2012 3 0
2348429 2012 4 7
2348430 2012 2 0
2348431 2012 7 0
2348432 2012 4 0
2348433 2012 3 4
2348434 2012 3 3
2348435 2012 5 2
2348436 2012 4 0
2348437 2012 3 7
2348438 2012 4 0
2348439 2012 2 0
2348440 2012 4 0
2348441 2012 1 0
2348442 2012 3 2
2348443 2012 2 0
2348445 2012 0 0
2348446 2012 0 0
2348447 2012 0 0
2348448 2012 0 0
2348449 2012 3 0
2348451 2012 7 4
2348452 2012 8 0
2348453 2012 4 17
2348454 2012 7 3
2348455 2012 5 4
2348456 2012 9 5
2348457 2012 7 4
2348458 2012 7 4
2348459 2012 10 3
2348460 2012 3 0
2348461 2012 6 3
2348462 2012 6 0
2348463 2012 5 6
2348464 2012 4 3
2348465 2012 6 6
2348466 2012 9 2
2348467 2012 5 0
2348468 2012 4 2
2348469 2012 6 0
2348470 2012 2 2
2348471 2012 7 12
2348472 2012 6 0
2348473 2012 5 3
2348474 2012 6 0
2348475 2012 4 7
2348476 2012 4 0
2348477 2012 6 0
2348478 2012 6 0
2348479 2012 6 5
2348480 2012 3 0
2348481 2012 5 2
2348482 2012 4 3
2348483 2012 10 3
2348484 2012 5 0
2348485 2012 5 0
2348486 2012 6 3
2348487 2012 8 2
2348488 2012 5 2
2348489 2012 10 2
2348490 2012 6 2
2348491 2012 8 6
2348492 2012 5 0
2348493 2012 7 0
2348494 2012 6 0
2348495 2012 2 11
2348496 2012 5 0
2348497 2012 5 0
2348498 2012 2 0
2348499 2012 4 0
2348500 2012 2 0
2348501 2012 3 6
2348502 2012 7 0
2348503 2012 3 4
2348504 2012 1 3
2348505 2012 4 4
2348506 2012 6 0
2348507 2012 6 2
2348508 2012 6 2
2348509 2012 5 0
2348510 2012 2 3
2348511 2012 5 17
2348512 2012 7 0
2348513 2012 8 0
2348514 2012 6 9
2348515 2012 7 3
2348516 2012 6 3
2348517 2012 5 2
2348518 2012 6 7
2348519 2012 5 5
2348520 2012 3 3
2348521 2012 5 6
2348522 2012 5 0
2348523 2012 8 2
2348524 2012 3 2
2348525 2012 3 13
2348526 2012 5 4
2348528 2012 13 0
2348529 2012 1 0
2348530 2012 0 0
2348531 2012 0 0
2348532 2012 0 0
2348533 2012 0 6
2348534 2012 8 3
2348535 2012 32 0
2348536 2012 0 2
2348537 2012 21 7
2348538 2012 0 0
2348539 2012 18 0
2348540 2012 38 2
2348541 2012 12 0
2348542 2012 23 0
2568402 2013 14 0
2494492 2013 7 4
2484053 2013 48 19
2484093 2013 39 8
2484049 2013 46 25
2484099 2013 22 6
2484057 2013 25 21
2484063 2013 42 7
2484029 2013 32 7
2484059 2013 33 21
2484069 2013 20 16
2484097 2013 34 9
2484076 2013 41 34
2484050 2013 35 6
2484074 2013 40 14
2484092 2013 23 9
2484100 2013 36 24
2484061 2013 21 2
2484079 2013 32 5
2484085 2013 15 8
2484088 2013 41 11
2484062 2013 42 7
2484037 2013 40 13
2484086 2013 41 11
2484032 2013 21 11
2484084 2013 22 9
2484080 2013 32 4
2484043 2013 36 3
2484075 2013 40 12
2484035 2013 35 19
2484064 2013 28 10
2484067 2013 24 25
2484101 2013 40 8
2484068 2013 29 12
2484042 2013 37 12
2484070 2013 31 16
2484083 2013 33 11
2484030 2013 24 71
2484047 2013 20 8
2484054 2013 33 4
2484038 2013 24 12
2484034 2013 38 5
2484094 2013 28 5
2484048 2013 26 3
2484039 2013 33 15
2484040 2013 49 2
2484055 2013 33 25
2484089 2013 42 27
2484031 2013 29 18
2484082 2013 38 2
2484071 2013 41 20
2484036 2013 23 23
2484052 2013 37 15
2484044 2013 26 2
2484045 2013 31 19
2484072 2013 34 16
2484051 2013 42 6
2484058 2013 49 6
2484078 2013 25 3
2484096 2013 34 12
2484060 2013 33 5
2484095 2013 32 22
2484091 2013 39 0
2484090 2013 32 15
2484041 2013 23 11
2484081 2013 25 16
2484098 2013 38 6
2484066 2013 52 8
2484033 2013 23 11
2484073 2013 33 0
2484046 2013 78 7
2484065 2013 23 2
2484077 2013 30 3
2484087 2013 31 6
2484165 2013 23 10
2484157 2013 18 0
2484161 2013 11 4
2484153 2013 9 0
2484117 2013 7 0
2484139 2013 10 0
2484104 2013 17 4
2484150 2013 16 17
2484180 2013 15 3
2484116 2013 11 10
2484102 2013 8 0
2484155 2013 8 5
2484126 2013 10 9
2484164 2013 11 2
2484146 2013 15 7
2484118 2013 13 0
2484167 2013 12 7
2484115 2013 14 0
2484143 2013 9 4
2484137 2013 28 0
2484125 2013 10 2
2484171 2013 9 6
2484152 2013 16 0
2484174 2013 18 0
2484177 2013 21 6
2484111 2013 11 0
2484128 2013 23 4
2484134 2013 33 2
2484144 2013 9 0
2484107 2013 14 0
2484122 2013 5 0
2484131 2013 19 7
2484141 2013 10 0
2484158 2013 19 7
2484182 2013 13 6
2484140 2013 6 3
2484124 2013 16 2
2484106 2013 6 2
2484166 2013 15 24
2484149 2013 13 5
2484178 2013 14 3
2484112 2013 11 2
2484185 2013 11 0
2484170 2013 10 3
2484168 2013 15 7
2484121 2013 15 4
2484105 2013 11 5
2484163 2013 7 7
2484156 2013 9 7
2484159 2013 10 3
2484145 2013 14 12
2484151 2013 20 9
2484108 2013 6 2
2484176 2013 14 0
2484119 2013 7 6
2484113 2013 6 0
2484136 2013 10 0
2484160 2013 8 3
2484173 2013 4 5
2484129 2013 9 5
2484138 2013 5 0
2484181 2013 12 2
2484120 2013 5 0
2484169 2013 9 5
2484147 2013 10 0
2484132 2013 18 20
2484148 2013 16 2
2484109 2013 11 3
2484162 2013 11 6
2484135 2013 22 0
2484114 2013 11 5
2484127 2013 9 3
2484175 2013 13 4
2484186 2013 16 0
2484183 2013 17 5
2484154 2013 13 3
2484133 2013 10 0
2484179 2013 9 5
2484130 2013 15 7
2484142 2013 16 4
2484110 2013 9 4
2484103 2013 6 8
2484123 2013 10 2
2484172 2013 9 5
2484184 2013 12 0
2484215 2013 2 0
2484199 2013 9 2
2484203 2013 2 0
2484216 2013 8 0
2484205 2013 2 0
2484211 2013 3 0
2484200 2013 4 4
2484197 2013 8 3
2484207 2013 6 3
2484212 2013 9 5
2484213 2013 5 0
2484217 2013 7 0
2484219 2013 3 0
2484202 2013 3 3
2484210 2013 9 0
2484209 2013 5 2
2484218 2013 3 0
2484206 2013 6 0
2484198 2013 8 0
2484204 2013 4 2
2484208 2013 1 0
2484214 2013 5 7
2484201 2013 8 0
2484195 2013 3 2
2484189 2013 3 4
2484193 2013 3 0
2484192 2013 1 0
2484188 2013 0 2
2484196 2013 5 0
2484191 2013 1 0
2484187 2013 0 2
2484194 2013 0 4
2484190 2013 0 0
2484224 2013 0 0
2484222 2013 3 0
2484221 2013 0 0
2491801 2013 0 0
2491802 2013 0 4
2484220 2013 5 0
2484223 2013 2 0
2484229 2013 3 0
2484235 2013 4 0
2484227 2013 6 0
2484237 2013 5 0
2484234 2013 3 0
2484228 2013 4 0
2484233 2013 4 0
2484236 2013 0 0
2484231 2013 4 0
2484232 2013 4 0
2484230 2013 3 0
2617557 2014 0 0
2609574 2014 46 30
2609581 2014 55 5
2609625 2014 32 3
2609575 2014 28 10
2609582 2014 31 10
2609584 2014 28 5
2609623 2014 35 10
2609599 2014 31 7
2609579 2014 45 24
2609604 2014 28 11
2609627 2014 22 14
2609631 2014 27 29
2609607 2014 31 11
2609589 2014 42 3
2609602 2014 36 0
2609601 2014 28 11
2609618 2014 30 7
2609600 2014 42 15
2609578 2014 38 6
2609624 2014 28 2
2609567 2014 22 2
2609595 2014 46 9
2609556 2014 25 9
2609558 2014 39 14
2609596 2014 43 12
2609572 2014 27 9
2609609 2014 32 4
2609615 2014 28 17
2609576 2014 32 4
2609634 2014 38 15
2609561 2014 51 15
2609573 2014 42 2
2609636 2014 50 3
2617558 2014 0 0
2609580 2014 31 4
2609593 2014 26 14
2609562 2014 51 14
2609628 2014 34 31
2609606 2014 37 0
2609565 2014 31 2
2609563 2014 32 19
2609590 2014 45 6
2609610 2014 36 23
2609594 2014 42 12
2609577 2014 77 7
2609614 2014 37 12
2609571 2014 24 12
2609635 2014 20 4
2609592 2014 21 8
2609598 2014 30 12
2609620 2014 32 0
2609617 2014 40 7
2609588 2014 30 3
2617559 2014 0 0
2609621 2014 39 3
2609616 2014 29 5
2609632 2014 35 9
2609626 2014 44 8
2609591 2014 34 4
2609566 2014 47 6
2609629 2014 33 18
2609637 2014 35 5
2609633 2014 31 19
2609570 2014 20 0
2609587 2014 34 2
2609612 2014 42 7
2609560 2014 34 6
2609603 2014 29 7
2609608 2014 20 3
2609622 2014 34 9
2609605 2014 20 0
2609611 2014 18 5
2609557 2014 22 3
2609568 2014 33 13
2609569 2014 35 5
2609586 2014 20 4
2609613 2014 9 10
2609619 2014 30 5
2609630 2014 37 0
2609583 2014 43 4
2609559 2014 51 2
2609597 2014 39 0
2609585 2014 46 4
2609564 2014 34 4
2609451 2014 8 2
2609452 2014 13 9
2609453 2014 11 5
2609454 2014 13 0
2609455 2014 12 0
2609456 2014 7 2
2609457 2014 16 2
2609458 2014 11 3
2609459 2014 15 2
2609460 2014 17 2
2609461 2014 8 2
2609462 2014 13 0
2609463 2014 11 2
2609464 2014 16 0
2609465 2014 14 0
2609466 2014 15 3
2609467 2014 17 5
2609468 2014 17 5
2609469 2014 20 4
2609470 2014 16 0
2609471 2014 9 0
2609472 2014 6 3
2609473 2014 16 2
2609474 2014 12 2
2609475 2014 8 2
2609476 2014 6 5
2609477 2014 11 0
2609478 2014 14 0
2609479 2014 6 0
2609480 2014 14 0
2609481 2014 14 3
2609482 2014 9 4
2609483 2014 13 4
2609484 2014 10 2
2609485 2014 9 5
2609486 2014 4 3
2609487 2014 8 2
2609488 2014 9 3
2609489 2014 9 3
2609490 2014 5 0
2609491 2014 12 5
2609492 2014 9 0
2609493 2014 8 3
2609494 2014 12 0
2609495 2014 8 3
2609496 2014 12 2
2609497 2014 19 6
2609498 2014 9 0
2609499 2014 8 0
2609500 2014 11 3
2609501 2014 10 12
2609502 2014 9 0
2609503 2014 19 0
2609504 2014 21 0
2609505 2014 10 3
2609506 2014 10 3
2609507 2014 18 0
2609508 2014 13 12
2609509 2014 6 3
2609510 2014 12 3
2609511 2014 9 4
2609512 2014 10 0
2609513 2014 14 3
2609514 2014 9 0
2609515 2014 11 0
2609516 2014 9 4
2609517 2014 12 2
2609518 2014 15 2
2609519 2014 17 0
2609520 2014 7 0
2609521 2014 8 3
2609522 2014 20 2
2609523 2014 10 0
2609524 2014 5 4
2609525 2014 13 3
2609526 2014 11 0
2609528 2014 4 0
2609529 2014 13 0
2609530 2014 12 2
2609531 2014 7 0
2609532 2014 8 0
2609533 2014 22 2
2609534 2014 12 4
2609535 2014 22 8
2609536 2014 6 0
2609537 2014 7 0
2609538 2014 11 2
2609539 2014 16 0
2609540 2014 10 2
2609541 2014 9 2
2609542 2014 22 2
2609543 2014 7 0
2609544 2014 19 2
2609545 2014 14 2
2609546 2014 14 0
2609547 2014 7 0
2609548 2014 10 0
2609549 2014 12 0
2609550 2014 7 0
2609551 2014 19 0
2609552 2014 5 0
2609553 2014 22 4
2609554 2014 11 0
2611175 2014 4 0
2611176 2014 2 17
2611177 2014 9 14
2611178 2014 2 3
2611179 2014 6 0
2611180 2014 4 0
2611181 2014 8 0
2611182 2014 4 0
2611183 2014 4 0
2611184 2014 2 0
2611185 2014 5 0
2611186 2014 5 6
2611187 2014 4 3
2611188 2014 4 0
2611189 2014 4 5
2611190 2014 6 0
2610376 2014 7 0
2610377 2014 6 0
2610378 2014 6 0
2610379 2014 8 0
2610380 2014 4 0
2610381 2014 4 2
2610382 2014 7 3
2610383 2014 2 0
2602289 2014 0 0
2602290 2014 0 0
2602291 2014 3 2
2602292 2014 2 0
2602293 2014 4 0
2602294 2014 0 0
2602296 2014 0 0
2602297 2014 6 3
2602298 2014 8 0
2600734 2014 0 22
2600735 2014 2 0
2600736 2014 0 0
2600737 2014 4 3
2600738 2014 4 0
2600739 2014 5 0
2600740 2014 0 2
2767854 2015 0 2
2767702 2015 45 9
2767703 2015 53 7
2767741 2015 26 2
2767715 2015 40 0
2767755 2015 41 25
2767725 2015 34 5
2767708 2015 35 0
2767733 2015 19 7
2767720 2015 17 0
2767713 2015 50 4
2767749 2015 26 4
2767710 2015 31 5
2767723 2015 23 6
2767731 2015 44 4
2767697 2015 39 4
2767737 2015 32 0
2767735 2015 37 0
2767704 2015 33 0
2767732 2015 36 5
2767714 2015 30 9
2767719 2015 33 7
2767726 2015 29 14
2767701 2015 40 3
2767742 2015 29 0
2767734 2015 22 2
2767756 2015 33 10
2767724 2015 38 5
2767730 2015 25 3
2767712 2015 32 9
2767740 2015 28 0
2767716 2015 25 4
2767707 2015 36 4
2767743 2015 24 0
2767693 2015 30 2
2767747 2015 32 2
2767752 2015 46 14
2767738 2015 40 26
2767709 2015 40 7
2767748 2015 32 5
2767694 2015 29 6
2767758 2015 31 5
2767739 2015 39 4
2767722 2015 27 16
2767711 2015 36 13
2767706 2015 23 5
2767695 2015 39 8
2767729 2015 24 6
2767745 2015 39 6
2767721 2015 29 8
2767757 2015 30 4
2767744 2015 43 2
2767736 2015 50 0
2767759 2015 32 5
2767853 2015 0 0
2767753 2015 29 2
2767754 2015 47 2
2767760 2015 29 3
2767700 2015 23 11
2767762 2015 32 0
2767717 2015 65 3
2767727 2015 9 0
2767699 2015 34 5
2767728 2015 37 11
2767698 2015 36 0
2767750 2015 28 2
2767696 2015 44 2
2767746 2015 38 5
2767751 2015 16 0
2767761 2015 22 6
2767705 2015 48 13
2767837 2015 13 0
2767790 2015 17 0
2767811 2015 15 2
2767786 2015 10 4
2767799 2015 14 0
2767807 2015 17 0
2767820 2015 12 0
2767813 2015 13 0
2767770 2015 20 0
2767812 2015 7 0
2767809 2015 20 0
2767828 2015 8 0
2767766 2015 9 0
2767771 2015 12 4
2767817 2015 18 8
2767796 2015 5 0
2767829 2015 13 0
2767814 2015 10 4
2767831 2015 20 2
2767834 2015 14 0
2767833 2015 7 2
2767780 2015 10 17
2767793 2015 11 0
2767801 2015 16 0
2767808 2015 10 2
2767795 2015 23 0
2767823 2015 8 0
2767798 2015 15 0
2767792 2015 16 0
2767788 2015 7 0
2767804 2015 17 3
2767800 2015 18 0
2767767 2015 12 0
2767779 2015 13 2
2767824 2015 10 0
2767778 2015 8 0
2767782 2015 10 4
2767821 2015 10 0
2767797 2015 13 0
2767777 2015 8 0
2767819 2015 9 0
2767781 2015 12 0
2767773 2015 11 4
2767827 2015 17 0
2767775 2015 16 0
2767806 2015 11 0
2767776 2015 17 0
2767789 2015 12 0
2767802 2015 22 7
2767816 2015 10 0
2767836 2015 7 0
2767832 2015 11 2
2767791 2015 10 0
2767774 2015 11 0
2767768 2015 13 0
2767769 2015 21 0
2767815 2015 9 0
2767783 2015 22 0
2767805 2015 17 0
2767763 2015 14 5
2767787 2015 10 4
2767838 2015 19 6
2767830 2015 12 9
2767841 2015 14 2
2767784 2015 12 0
2767772 2015 9 0
2767839 2015 17 2
2767822 2015 12 0
2767818 2015 8 0
2767765 2015 14 0
2767826 2015 20 3
2767840 2015 11 2
2767825 2015 16 5
2767835 2015 18 2
2767794 2015 13 2
2767785 2015 11 0
2767764 2015 11 0
2767810 2015 6 0
2767803 2015 11 2
2767870 2015 10 0
2767869 2015 4 0
2767867 2015 6 0
2767865 2015 3 0
2767864 2015 13 0
2767866 2015 6 0
2767868 2015 6 3
2767862 2015 5 0
2767863 2015 9 0
2767871 2015 6 0
2767872 2015 3 2
2767873 2015 4 0
2767848 2015 3 0
2767849 2015 4 0
2767851 2015 9 0
2767844 2015 7 0
2767852 2015 4 0
2767845 2015 3 0
2767843 2015 2 0
2767847 2015 6 0
2767850 2015 6 0
2767846 2015 8 0
2776787 2015 0 0
2776782 2015 0 0
2776784 2015 0 0
2776781 2015 0 0
2776785 2015 0 0
2776783 2015 3 0
2776786 2015 0 0
2776788 2015 0 0
2776778 2015 8 0
2776780 2015 12 0
2776777 2015 16 0
2776779 2015 10 0
2767874 2015 51 4
2767882 2015 1 0
2767881 2015 9 0
2767876 2015 53 0
2767877 2015 47 0
2767878 2015 12 0
2767875 2015 60 0
2767880 2015 33 0
2767879 2015 40 0
2767861 2015 0 2
2767855 2015 1 0
2767858 2015 0 0
2767860 2015 3 0
2767856 2015 15 0
2767859 2015 4 0
2767857 2015 3 2
2926732 2016 0 0
2911550 2016 0 0
2911492 2016 20 0
2911547 2016 30 0
2911530 2016 28 0
2911525 2016 43 8
2911521 2016 52 0
2911542 2016 45 2
2911508 2016 49 3
2911510 2016 23 5
2911543 2016 26 2
2911540 2016 33 0
2911501 2016 25 0
2911537 2016 36 5
2911491 2016 34 0
2911503 2016 36 0
2911512 2016 28 0
2911522 2016 40 2
2911499 2016 43 2
2911494 2016 23 0
2911531 2016 29 0
2911500 2016 45 3
2911504 2016 46 5
2911506 2016 45 2
2911496 2016 43 0
2911536 2016 31 2
2911490 2016 57 0
2911495 2016 33 0
2911539 2016 38 0
2911518 2016 38 2
2911523 2016 29 0
2911515 2016 59 0
2911549 2016 20 0
2911488 2016 21 0
2911502 2016 34 7
2911534 2016 47 0
2911541 2016 17 0
2911524 2016 50 0
2911533 2016 38 0
2911538 2016 28 0
2911544 2016 40 0
2911498 2016 32 0
2911546 2016 37 0
2911497 2016 31 0
2911535 2016 32 3
2911545 2016 33 2
2911509 2016 21 0
2926724 2016 2 0
2926729 2016 3 0
2926725 2016 3 0
2927018 2016 3 0
2911507 2016 47 2
2911514 2016 27 0
2911511 2016 28 0
2911526 2016 31 2
2911529 2016 42 4
2911519 2016 30 3
2926728 2016 0 0
2926730 2016 3 0
2926727 2016 5 0
2911528 2016 29 0
2911548 2016 34 0
2911489 2016 32 5
2911532 2016 31 0
2911527 2016 44 0
2911493 2016 34 0
2926731 2016 3 0
2926722 2016 14 0
2926721 2016 4 0
2926726 2016 3 0
2911505 2016 42 2
2911516 2016 46 0
2911517 2016 45 3
2911520 2016 17 0
2911513 2016 17 0
2914669 2016 10 0
2914666 2016 14 0
2914672 2016 12 0
2914677 2016 14 0
2914673 2016 12 0
2914670 2016 9 0
2914675 2016 18 0
2914681 2016 17 0
2914679 2016 14 0
2914667 2016 11 0
2914682 2016 27 0
2914680 2016 11 3
2914668 2016 11 0
2914674 2016 10 0
2914676 2016 11 0
2914678 2016 10 0
2914671 2016 14 3
2914683 2016 10 0
2914748 2016 20 0
2914725 2016 6 0
2914694 2016 5 0
2914706 2016 6 2
2914700 2016 13 0
2914732 2016 10 0
2914690 2016 20 0
2914701 2016 12 0
2914768 2016 10 3
2914708 2016 17 0
2914759 2016 16 0
2914733 2016 10 0
2914710 2016 14 0
2914711 2016 14 0
2914744 2016 12 0
2914707 2016 15 0
2914745 2016 14 0
2914723 2016 12 0
2914722 2016 15 0
2914717 2016 14 0
2914769 2016 9 0
2914705 2016 9 0
2914719 2016 12 0
2914731 2016 12 0
2914754 2016 9 0
2914758 2016 6 0
2914691 2016 20 0
2914746 2016 11 0
2914761 2016 11 0
2914697 2016 9 0
2914687 2016 15 0
2914756 2016 14 0
2914709 2016 15 0
2914764 2016 10 0
2914688 2016 14 2
2914747 2016 24 0
2914712 2016 21 0
2914699 2016 9 0
2914738 2016 15 0
2914736 2016 12 0
2914692 2016 9 0
2914698 2016 8 0
2914689 2016 9 2
2914726 2016 25 0
2914760 2016 17 0
2914740 2016 10 0
2914714 2016 9 0
2914751 2016 20 0
2914724 2016 9 0
2914730 2016 16 0
2914749 2016 10 0
2914728 2016 6 0
2914716 2016 11 0
2914763 2016 12 0
2914737 2016 6 0
2914734 2016 13 0
2914750 2016 16 0
2914741 2016 17 0
2914742 2016 22 0
2914727 2016 13 0
2914713 2016 8 0
2914685 2016 8 0
2914735 2016 5 0
2914721 2016 20 0
2914686 2016 14 0
2914718 2016 25 0
2914743 2016 8 0
2914715 2016 11 0
2914704 2016 12 0
2914693 2016 24 0
2914767 2016 14 0
2914739 2016 14 0
2914753 2016 14 0
2914720 2016 20 0
2914752 2016 8 0
2914702 2016 7 0
2914762 2016 15 2
2914684 2016 11 0
2914755 2016 25 0
2914757 2016 9 0
2914729 2016 16 0
2914695 2016 18 0
2914703 2016 9 0
2914765 2016 19 0
2914696 2016 10 0
2911463 2016 9 0
2911462 2016 5 0
2911456 2016 15 0
2911472 2016 4 0
2911467 2016 10 0
2911461 2016 16 2
2911460 2016 20 0
2911465 2016 16 2
2911453 2016 6 0
2911468 2016 11 0
2911458 2016 20 0
2911457 2016 22 0
2911466 2016 8 0
2911464 2016 9 0
2911455 2016 21 3
2911454 2016 9 0
2911469 2016 19 2
2911459 2016 5 0
2911471 2016 11 0
2911470 2016 4 0
2911452 2016 12 2
2911481 2016 2 0
2911482 2016 36 0
2911477 2016 4 0
2911480 2016 10 0
2911475 2016 4 0
2911473 2016 5 0
2911487 2016 4 0
2911485 2016 6 0
2911483 2016 6 0
2911486 2016 6 0
2911478 2016 7 0
2911474 2016 4 3
2911484 2016 4 0
2911479 2016 0 0
2911476 2016 4 0
2914801 2016 13 0
2914807 2016 17 0
2914803 2016 25 0
2914800 2016 44 0
2914809 2016 22 0
2914806 2016 22 0
2914798 2016 39 0
2914804 2016 25 0
2914808 2016 51 0
2914799 2016 48 0
2914802 2016 36 0
2914805 2016 56 0
2917759 2016 9 0
2917760 2016 8 0
2917761 2016 0 0
2917762 2016 14 0
2917763 2016 7 0
2917766 2016 19 0
2917767 2016 24 0
