81100284549 81339525237
81339525237 81100284549
81100181567 81100298147
81100298147 81100181567
81100572573 81100436761
81100436761 81100572573
81384590803 81100577048
81384590803 81100499652
81384590803 81100286633
81100577048 81384590803
81100577048 81100499652
81100577048 81100286633
81100499652 81384590803
81100499652 81100577048
81100499652 81100286633
81100286633 81384590803
81100286633 81100577048
81100286633 81100499652
81100166567 81343501036
81100166567 81542132456
81343501036 81100166567
81343501036 81542132456
81542132456 81100166567
81542132456 81343501036
81100431111 81342491865
81100431111 81342493531
81100431111 81100010297
81100431111 81342511768
81342491865 81100431111
81342491865 81342493531
81342491865 81100010297
81342491865 81342511768
81342493531 81100431111
81342493531 81342491865
81342493531 81100010297
81342493531 81342511768
81100010297 81100431111
81100010297 81342491865
81100010297 81342493531
81100010297 81342511768
81342511768 81100431111
81342511768 81342491865
81342511768 81342493531
81342511768 81100010297
81100258720 81100148856
81100148856 81100258720
81100186407 81100083861
81100083861 81100186407
81100220790 81100586418
81100586418 81100220790
81100272815 81100493045
81100493045 81100272815
81100594951 81100102112
81100102112 81100594951
81100046046 81100128690
81100046046 81100550139
81100128690 81100046046
81100128690 81100550139
81100550139 81100046046
81100550139 81100128690
81547771756 81100453244
81100453244 81547771756
81100030148 81339535504
81339535504 81100030148
81100503766 81545022356
81545022356 81100503766
81100074491 81100092419
81100092419 81100074491
81100131077 81100023959
81100023959 81100131077
81100503766 81100313453
81100313453 81100503766
99658960870 81100630598
81100630598 99658960870
81100217507 81100160778
81100160778 81100217507
81100428843 81100313045
81100313045 81100428843
81100649307 81423595160
81423595160 81100649307
81100303767 81100165517
81100303767 81100437462
81100165517 81100303767
81100165517 81100437462
81100437462 81100303767
81100437462 81100165517
81100074491 81100092419
81100074491 81100432433
81100092419 81100074491
81100092419 81100432433
81100432433 81100074491
81100432433 81100092419
81100361774 81452618006
81100361774 81543221456
81452618006 81100361774
81452618006 81543221456
81543221456 81100361774
81543221456 81452618006
99658960870 99658764375
99658764375 99658960870
81100041171 81100506871
81100506871 81100041171
81100422641 81538337856
81538337856 81100422641
81100420918 81100409020
81100420918 81423595164
81100409020 81100420918
81100409020 81423595164
81423595164 81100420918
81423595164 81100409020
81100225595 81100340757
81100340757 81100225595
81100470161 81542770456
81100470161 81100437117
81542770456 81100470161
81542770456 81100437117
81100437117 81100470161
81100437117 81542770456
81540883956 81100567581
81100567581 81540883956
81100575717 81100498862
81100498862 81100575717
81100225595 81100340757
81100340757 81100225595
81423595160 81100649307
81100649307 81423595160
81350588112 81408602859
81408602859 81350588112
81100068931 81100154599
81100154599 81100068931
81100420918 81100409020
81100409020 81100420918
81100223867 81100165517
81100165517 81100223867
81100116412 81100030148
81100030148 81100116412
81100217075 81100069550
81100217075 81100196823
81100069550 81100217075
81100069550 81100196823
81100196823 81100217075
81100196823 81100069550
81100315651 81100135087
81100135087 81100315651
81100074491 81100067534
81100067534 81100074491
81100225595 81100424505
81100225595 81100542635
81100424505 81100225595
81100424505 81100542635
81100542635 81100225595
81100542635 81100424505
81100068931 81100154599
81100154599 81100068931
81100652508 81100644573
81100644573 81100652508
81342505201 81342494123
81342505201 81100586462
81342494123 81342505201
81342494123 81100586462
81100586462 81342505201
81100586462 81342494123
81100309731 81100597796
81100597796 81100309731
81100303767 81100323895
81100303767 81100286292
81100323895 81100303767
81100323895 81100286292
81100286292 81100303767
81100286292 81100323895
81100649307 81100350752
81100649307 81350588112
81100350752 81100649307
81100350752 81350588112
81350588112 81100649307
81350588112 81100350752
81100420918 81100409020
81100409020 81100420918
81100503766 81546370256
81546370256 81100503766
81100075090 81100222861
81100222861 81100075090
81100010297 81332516792
81100010297 81100454230
81332516792 81100010297
81332516792 81100454230
81100454230 81100010297
81100454230 81332516792
81100076755 81452616942
81452616942 81100076755
81339489556 81100433281
81100433281 81339489556
81100503766 81544581256
81100503766 81350588112
81544581256 81100503766
81544581256 81350588112
81350588112 81100503766
81350588112 81544581256
99659177510 81100228830
99659177510 81100210009
99659177510 99659181851
81100228830 99659177510
81100228830 81100210009
81100228830 99659181851
81100210009 99659177510
81100210009 81100228830
81100210009 99659181851
99659181851 99659177510
99659181851 81100228830
99659181851 81100210009
81100463643 81337492433
81337492433 81100463643
81100330673 81100556662
81100556662 81100330673
81100652508 81100334632
81100652508 81100436730
81100334632 81100652508
81100334632 81100436730
81100436730 81100652508
81100436730 81100334632
81100010297 81332516792
81332516792 81100010297
81100069688 81544169456
81544169456 81100069688
81100206490 81100422083
81100422083 81100206490
81350591024 81100460215
81100460215 81350591024
81100652508 81100436730
81100436730 81100652508
81100396126 81100223217
81100396126 81100126466
81100223217 81100396126
81100223217 81100126466
81100126466 81100396126
81100126466 81100223217
81100568784 81100075090
81100075090 81100568784
81408593159 81100503766
81100503766 81408593159
81100511324 81100099073
81100099073 81100511324
81100277405 81100023981
81100023981 81100277405
81452608268 81100074491
81452608268 81100033895
81452608268 81100228765
81100074491 81452608268
81100074491 81100033895
81100074491 81100228765
81100033895 81452608268
81100033895 81100074491
81100033895 81100228765
81100228765 81452608268
81100228765 81100074491
81100228765 81100033895
81100618039 81100511642
81100511642 81100618039
81414605281 81100584166
81414605281 81100585052
81100584166 81414605281
81100584166 81100585052
81100585052 81414605281
81100585052 81100584166
81100362356 81100297742
81100297742 81100362356
81546505156 81100406059
81100406059 81546505156
81100154599 81100068931
81100068931 81100154599
81100029320 81100200925
81100200925 81100029320
81408593159 81100573390
81408593159 81451595632
81100573390 81408593159
81100573390 81451595632
81451595632 81408593159
81451595632 81100573390
81100649307 81339534035
81339534035 81100649307
81546647156 81100636122
81546647156 81100337219
81546647156 81100262886
81100636122 81546647156
81100636122 81100337219
81100636122 81100262886
81100337219 81546647156
81100337219 81100636122
81100337219 81100262886
81100262886 81546647156
81100262886 81100636122
81100262886 81100337219
81100350752 81100030768
81100030768 81100350752
81100204615 81100505669
81100204615 81100662992
81100505669 81100204615
81100505669 81100662992
81100662992 81100204615
81100662992 81100505669
81100431111 81100142103
81100431111 81100454230
81100142103 81100431111
81100142103 81100454230
81100454230 81100431111
81100454230 81100142103
81490661635 81350588112
81350588112 81490661635
81100391397 81100164634
81100391397 81100289836
81100164634 81100391397
81100164634 81100289836
81100289836 81100391397
81100289836 81100164634
81539577556 81100630598
81100630598 81539577556
81350588112 81100232898
81350588112 81539214856
81100232898 81350588112
81100232898 81539214856
81539214856 81350588112
81539214856 81100232898
81100463643 81337492433
81337492433 81100463643
81100225595 81100583365
81100225595 81100302484
81100225595 81100612514
81100225595 81100542635
81100583365 81100225595
81100583365 81100302484
81100583365 81100612514
81100583365 81100542635
81100302484 81100225595
81100302484 81100583365
81100302484 81100612514
81100302484 81100542635
81100612514 81100225595
81100612514 81100583365
81100612514 81100302484
81100612514 81100542635
81100542635 81100225595
81100542635 81100583365
81100542635 81100302484
81100542635 81100612514
81100393182 81332488576
81100393182 81100562735
81100393182 81100132805
81332488576 81100393182
81332488576 81100562735
81332488576 81100132805
81100562735 81100393182
81100562735 81332488576
81100562735 81100132805
81100132805 81100393182
81100132805 81332488576
81100132805 81100562735
81100379108 81100147311
81100379108 81100519821
81100147311 81100379108
81100147311 81100519821
81100519821 81100379108
81100519821 81100147311
81540077456 81100650323
81540077456 81100405472
81100650323 81540077456
81100650323 81100405472
81100405472 81540077456
81100405472 81100650323
81100029320 81100200925
81100200925 81100029320
81452616942 81100285333
81100285333 81452616942
81100536867 81100007999
81100007999 81100536867
81100171678 81100140005
81100171678 81545032656
81100140005 81100171678
81100140005 81545032656
81545032656 81100171678
81545032656 81100140005
81100439953 81100554338
81100554338 81100439953
81100382786 81100001398
81100001398 81100382786
81100010297 81100142103
81100010297 81100431111
81100010297 81100241870
81100142103 81100010297
81100142103 81100431111
81100142103 81100241870
81100431111 81100010297
81100431111 81100142103
81100431111 81100241870
81100241870 81100010297
81100241870 81100142103
81100241870 81100431111
81100613167 81100195722
81100195722 81100613167
81100398904 81332494649
81100398904 81332523682
81332494649 81100398904
81332494649 81332523682
81332523682 81100398904
81332523682 81332494649
81100609693 81100162028
81100162028 81100609693
81100047795 81100426321
81100047795 81100111115
81100426321 81100047795
81100426321 81100111115
81100111115 81100047795
81100111115 81100426321
81414603992 81408591943
81414603992 81414599830
81408591943 81414603992
81408591943 81414599830
81414599830 81414603992
81414599830 81408591943
81100522721 81332535479
81332535479 81100522721
81100183521 81100503766
81100503766 81100183521
81408593159 81100573390
81408593159 81100503766
81408593159 81451595632
81100573390 81408593159
81100573390 81100503766
81100573390 81451595632
81100503766 81408593159
81100503766 81100573390
81100503766 81451595632
81451595632 81408593159
81451595632 81100573390
81451595632 81100503766
81100236403 81100414627
81100236403 81329487875
81100236403 81100241365
81100414627 81100236403
81100414627 81329487875
81100414627 81100241365
81329487875 81100236403
81329487875 81100414627
81329487875 81100241365
81100241365 81100236403
81100241365 81100414627
81100241365 81329487875
81100049482 81100087919
81100087919 81100049482
81408593159 81100573390
81100573390 81408593159
81337492433 81100463643
81100463643 81337492433
81100323052 81100371021
81100323052 81350588112
81100371021 81100323052
81100371021 81350588112
81350588112 81100323052
81350588112 81100371021
81350588112 81542659356
81542659356 81350588112
81100195490 81100429718
81100429718 81100195490
81408593159 81100543359
81100543359 81408593159
81100362356 81332517560
81332517560 81100362356
81100523409 81100502331
81100502331 81100523409
81100125749 81100447373
81100447373 81100125749
81100463643 81337492433
81337492433 81100463643
81100172373 81332535479
81332535479 81100172373
81100183521 81100503766
81100503766 81100183521
81100207033 81100165517
81100165517 81100207033
81100225595 81408593159
81408593159 81100225595
81100166403 81100154599
81100154599 81100166403
81490661635 81332510252
81332510252 81490661635
81100084666 81100500237
81100084666 81100399832
81100500237 81100084666
81100500237 81100399832
81100399832 81100084666
81100399832 81100500237
81100653404 81100578335
81100578335 81100653404
81100195722 81100613167
81100613167 81100195722
81100271216 81100305310
81100271216 81100154599
81100305310 81100271216
81100305310 81100154599
81100154599 81100271216
81100154599 81100305310
81100393182 81332488335
81100393182 81332488576
81100393182 81100562735
81332488335 81100393182
81332488335 81332488576
81332488335 81100562735
81332488576 81100393182
81332488576 81332488335
81332488576 81100562735
81100562735 81100393182
81100562735 81332488335
81100562735 81332488576
81100001889 81452608422
81100001889 81452617908
81452608422 81100001889
81452608422 81452617908
81452617908 81100001889
81452617908 81452608422
81100083433 81100379108
81100083433 81452617908
81100379108 81100083433
81100379108 81452617908
81452617908 81100083433
81452617908 81100379108
81100206490 81442609480
81442609480 81100206490
81100595094 99659119889
99659119889 81100595094
81100431111 81100010297
81100431111 81100142103
81100431111 81100241870
81100010297 81100431111
81100010297 81100142103
81100010297 81100241870
81100142103 81100431111
81100142103 81100010297
81100142103 81100241870
81100241870 81100431111
81100241870 81100010297
81100241870 81100142103
81100223867 81100165517
81100165517 81100223867
81100032993 81100632027
81100632027 81100032993
81100514527 81100610513
81100514527 81100291906
81100514527 81100630358
81100610513 81100514527
81100610513 81100291906
81100610513 81100630358
81100291906 81100514527
81100291906 81100610513
81100291906 81100630358
81100630358 81100514527
81100630358 81100610513
81100630358 81100291906
81100437714 81100326990
81100326990 81100437714
81100649307 81100350752
81100350752 81100649307
81100402226 81100381317
81100381317 81100402226
81452598750 81100103770
81452598750 81100150568
81100103770 81452598750
81100103770 81100150568
81100150568 81452598750
81100150568 81100103770
81332507158 81100046356
81332507158 81100633986
81100046356 81332507158
81100046356 81100633986
81100633986 81332507158
81100633986 81100046356
81350588112 81332516383
81332516383 81350588112
81408593159 81100543359
81100543359 81408593159
81100153216 81100403013
81100153216 81100348847
81100403013 81100153216
81100403013 81100348847
81100348847 81100153216
81100348847 81100403013
81100225595 81100503766
81100503766 81100225595
81100362356 81332505701
81332505701 81100362356
81339500009 81100006427
81339500009 81409594020
81100006427 81339500009
81100006427 81409594020
81409594020 81339500009
81409594020 81100006427
81100070166 81100362356
81100070166 81100044921
81100070166 81332526398
81100070166 81100297742
81100362356 81100070166
81100362356 81100044921
81100362356 81332526398
81100362356 81100297742
81100044921 81100070166
81100044921 81100362356
81100044921 81332526398
81100044921 81100297742
81332526398 81100070166
81332526398 81100362356
81332526398 81100044921
81332526398 81100297742
81100297742 81100070166
81100297742 81100362356
81100297742 81100044921
81100297742 81332526398
81538744056 81100593009
81100593009 81538744056
81100420918 81430645708
81430645708 81100420918
81100604882 81100094784
81100604882 81100200024
81100094784 81100604882
81100094784 81100200024
81100200024 81100604882
81100200024 81100094784
81100191589 81100249329
81100249329 81100191589
81100398904 81100329165
81100329165 81100398904
81100275143 81100414627
81100414627 81100275143
81100649937 81100019458
81100649937 81100134501
81100649937 81100552367
81100649937 81541660056
81100649937 81100464482
81100649937 81545590756
81100019458 81100649937
81100019458 81100134501
81100019458 81100552367
81100019458 81541660056
81100019458 81100464482
81100019458 81545590756
81100134501 81100649937
81100134501 81100019458
81100134501 81100552367
81100134501 81541660056
81100134501 81100464482
81100134501 81545590756
81100552367 81100649937
81100552367 81100019458
81100552367 81100134501
81100552367 81541660056
81100552367 81100464482
81100552367 81545590756
81541660056 81100649937
81541660056 81100019458
81541660056 81100134501
81541660056 81100552367
81541660056 81100464482
81541660056 81545590756
81100464482 81100649937
81100464482 81100019458
81100464482 81100134501
81100464482 81100552367
81100464482 81541660056
81100464482 81545590756
81545590756 81100649937
81545590756 81100019458
81545590756 81100134501
81545590756 81100552367
81545590756 81541660056
81545590756 81100464482
81100652508 81332513702
81100652508 81100149856
81332513702 81100652508
81332513702 81100149856
81100149856 81100652508
81100149856 81332513702
81100622665 81100192310
81100622665 81100270171
81100192310 81100622665
81100192310 81100270171
81100270171 81100622665
81100270171 81100192310
81332489342 81100633734
81100633734 81332489342
81100431111 81100010297
81100431111 81100142103
81100010297 81100431111
81100010297 81100142103
81100142103 81100431111
81100142103 81100010297
81342505778 81100552707
81100552707 81342505778
81100367648 81332512582
81332512582 81100367648
81452608422 81452617908
81452608422 81100162450
81452617908 81452608422
81452617908 81100162450
81100162450 81452608422
81100162450 81452617908
81100494832 81100270352
81100494832 81100296665
81100270352 81100494832
81100270352 81100296665
81100296665 81100494832
81100296665 81100270352
81100172947 81100382786
81100382786 81100172947
81100503766 81100225595
81100503766 81100073452
81100225595 81100503766
81100225595 81100073452
81100073452 81100503766
81100073452 81100225595
81100572106 81332531626
81100572106 81100192743
81332531626 81100572106
81332531626 81100192743
81100192743 81100572106
81100192743 81332531626
81100305737 81375596843
81375596843 81100305737
81100584206 81100597796
81100597796 81100584206
81452608268 81100472470
81100472470 81452608268
81100015412 81100652508
81100652508 81100015412
81100649307 81100077446
81100077446 81100649307
81100086937 81100262103
81100262103 81100086937
81100142103 81100371021
81100142103 81100019458
81100371021 81100142103
81100371021 81100019458
81100019458 81100142103
81100019458 81100371021
81100336335 81339501893
81339501893 81100336335
81452601174 81442599446
81452601174 81340490569
81442599446 81452601174
81442599446 81340490569
81340490569 81452601174
81340490569 81442599446
81100609693 81100236403
81100236403 81100609693
81100032065 81100023853
81100023853 81100032065
81100276670 81332497683
81332497683 81100276670
81100588726 81100046247
81100588726 81100156575
81100588726 81100001575
81100588726 81100373646
81100046247 81100588726
81100046247 81100156575
81100046247 81100001575
81100046247 81100373646
81100156575 81100588726
81100156575 81100046247
81100156575 81100001575
81100156575 81100373646
81100001575 81100588726
81100001575 81100046247
81100001575 81100156575
81100001575 81100373646
81100373646 81100588726
81100373646 81100046247
81100373646 81100156575
81100373646 81100001575
81100029320 81100200925
81100200925 81100029320
81100428588 81100652508
81100652508 81100428588
81100236403 81100564379
81100564379 81100236403
81100362356 81100350752
81100350752 81100362356
81100357242 81100226301
81100357242 81100139285
81100226301 81100357242
81100226301 81100139285
81100139285 81100357242
81100139285 81100226301
81452604957 81100272745
81100272745 81452604957
81100269738 81100612414
81100269738 81332498754
81100269738 81332503026
81100269738 81100458027
81100269738 81430662381
81100612414 81100269738
81100612414 81332498754
81100612414 81332503026
81100612414 81100458027
81100612414 81430662381
81332498754 81100269738
81332498754 81100612414
81332498754 81332503026
81332498754 81100458027
81332498754 81430662381
81332503026 81100269738
81332503026 81100612414
81332503026 81332498754
81332503026 81100458027
81332503026 81430662381
81100458027 81100269738
81100458027 81100612414
81100458027 81332498754
81100458027 81332503026
81100458027 81430662381
81430662381 81100269738
81430662381 81100612414
81430662381 81332498754
81430662381 81332503026
81430662381 81100458027
81452616942 81452617514
81452617514 81452616942
81100283371 81100634268
81100283371 81100304210
81100634268 81100283371
81100634268 81100304210
81100304210 81100283371
81100304210 81100634268
81100206490 81100631454
81100631454 81100206490
81332509147 81100357386
81100357386 81332509147
81100529893 81332499855
81100529893 81100415444
81332499855 81100529893
81332499855 81100415444
81100415444 81100529893
81100415444 81332499855
81339500009 81332492986
81339500009 81100240807
81339500009 81452605951
81332492986 81339500009
81332492986 81100240807
81332492986 81452605951
81100240807 81339500009
81100240807 81332492986
81100240807 81452605951
81452605951 81339500009
81452605951 81332492986
81452605951 81100240807
81100371021 81100142103
81100142103 81100371021
81100235299 81329487875
81100235299 81100618039
81100235299 81100500237
81100235299 81100211913
81329487875 81100235299
81329487875 81100618039
81329487875 81100500237
81329487875 81100211913
81100618039 81100235299
81100618039 81329487875
81100618039 81100500237
81100618039 81100211913
81100500237 81100235299
81100500237 81329487875
81100500237 81100618039
81100500237 81100211913
81100211913 81100235299
81100211913 81329487875
81100211913 81100618039
81100211913 81100500237
81100652508 81100143232
81100143232 81100652508
81100007239 81100007235
81100007239 81100022405
81100007235 81100007239
81100007235 81100022405
81100022405 81100007239
81100022405 81100007235
81100350273 81100652508
81100652508 81100350273
81100370761 81410595315
81410595315 81100370761
81326488419 81332497831
81326488419 81100102338
81326488419 81332535479
81332497831 81326488419
81332497831 81100102338
81332497831 81332535479
81100102338 81326488419
81100102338 81332497831
81100102338 81332535479
81332535479 81326488419
81332535479 81332497831
81332535479 81100102338
81408592058 81547671456
81408592058 81332488335
81408592058 81100393182
81547671456 81408592058
81547671456 81332488335
81547671456 81100393182
81332488335 81408592058
81332488335 81547671456
81332488335 81100393182
81100393182 81408592058
81100393182 81547671456
81100393182 81332488335
81100420918 81100376548
81100420918 81332514866
81100376548 81100420918
81100376548 81332514866
81332514866 81100420918
81332514866 81100376548
81100649307 81100350752
81100350752 81100649307
81100652508 81100428588
81100652508 81100350273
81100428588 81100652508
81100428588 81100350273
81100350273 81100652508
81100350273 81100428588
81100362356 81100627361
81100627361 81100362356
81100371021 81100142103
81100142103 81100371021
81541056156 81350588112
81350588112 81541056156
81100597796 81100584206
81100584206 81100597796
81100062197 81100062108
81100062197 81547295656
81100062108 81100062197
81100062108 81547295656
81547295656 81100062197
81547295656 81100062108
81100269738 81332498754
81100269738 81332503026
81332498754 81100269738
81332498754 81332503026
81332503026 81100269738
81332503026 81332498754
81100546351 81100338529
81100338529 81100546351
81100529893 81409591681
81100529893 81100415444
81409591681 81100529893
81409591681 81100415444
81100415444 81100529893
81100415444 81409591681
81100304210 81100026193
81100026193 81100304210
81100543359 81408593159
81408593159 81100543359
81100372177 81100339590
81100372177 81337492271
81100372177 81100026311
81100339590 81100372177
81100339590 81337492271
81100339590 81100026311
81337492271 81100372177
81337492271 81100339590
81337492271 81100026311
81100026311 81100372177
81100026311 81100339590
81100026311 81337492271
81100268938 81100290688
81100290688 81100268938
81100126796 81100503766
81100126796 81100183521
81100503766 81100126796
81100503766 81100183521
81100183521 81100126796
81100183521 81100503766
81100220220 81100071965
81100220220 81100052406
81100071965 81100220220
81100071965 81100052406
81100052406 81100220220
81100052406 81100071965
81100494517 81100355488
81100355488 81100494517
81100206490 81100229751
81100229751 81100206490
81100235299 81100545895
81100235299 81100341558
81100545895 81100235299
81100545895 81100341558
81100341558 81100235299
81100341558 81100545895
81100326990 81100068773
81100068773 81100326990
81100204512 81100617740
81100204512 81100245729
81100204512 81100485982
81100617740 81100204512
81100617740 81100245729
81100617740 81100485982
81100245729 81100204512
81100245729 81100617740
81100245729 81100485982
81100485982 81100204512
81100485982 81100617740
81100485982 81100245729
99659073857 84358630457
99659073857 81100192743
84358630457 99659073857
84358630457 81100192743
81100192743 99659073857
81100192743 84358630457
81100007239 81100353427
81100353427 81100007239
81100269738 81332498754
81332498754 81100269738
81100019458 81100079145
81100019458 81100283322
81100079145 81100019458
81100079145 81100283322
81100283322 81100019458
81100283322 81100079145
81100213531 81408593159
81100213531 81100543359
81408593159 81100213531
81408593159 81100543359
81100543359 81100213531
81100543359 81408593159
81100188414 81409591811
81100188414 81100292394
81409591811 81100188414
81409591811 81100292394
81100292394 81100188414
81100292394 81409591811
81100283393 81100061950
81100061950 81100283393
81100286292 81452616437
81100286292 81539318356
81452616437 81100286292
81452616437 81539318356
81539318356 81100286292
81539318356 81452616437
81100652508 81540689356
81100652508 81100428588
81540689356 81100652508
81540689356 81100428588
81100428588 81100652508
81100428588 81540689356
81100134501 81339520181
81339520181 81100134501
81100235299 81100329277
81100329277 81100235299
81100303647 81332535479
81332535479 81100303647
81339500009 81332492986
81339500009 81452605951
81332492986 81339500009
81332492986 81452605951
81452605951 81339500009
81452605951 81332492986
81100200925 81100029320
81100029320 81100200925
81100028483 81100078611
81100028483 81100631454
81100078611 81100028483
81100078611 81100631454
81100631454 81100028483
81100631454 81100078611
81100370761 81100337812
81100370761 81410595315
81100370761 81100234482
81100337812 81100370761
81100337812 81410595315
81100337812 81100234482
81410595315 81100370761
81410595315 81100337812
81410595315 81100234482
81100234482 81100370761
81100234482 81100337812
81100234482 81410595315
81100086432 81100444898
81100444898 81100086432
81332535487 81100146468
81100146468 81332535487
81339503279 81100652508
81100652508 81339503279
81100240638 81100187630
81100187630 81100240638
81332533006 81320490261
81320490261 81332533006
81100649307 81342487699
81100649307 81100350752
81342487699 81100649307
81342487699 81100350752
81100350752 81100649307
81100350752 81342487699
81100612246 81100459468
81100459468 81100612246
81100573026 81332507440
81332507440 81100573026
81100371021 81100142103
81100371021 81100195722
81100142103 81100371021
81100142103 81100195722
81100195722 81100371021
81100195722 81100142103
84358630457 81100572106
81100572106 84358630457
81100168934 81100463643
81100463643 81100168934
81408593159 81537489556
81408593159 81100543359
81537489556 81408593159
81537489556 81100543359
81100543359 81408593159
81100543359 81537489556
81100370761 81100337812
81100370761 81410595315
81100337812 81100370761
81100337812 81410595315
81410595315 81100370761
81410595315 81100337812
81100269738 81332498754
81332498754 81100269738
81100174538 81100597796
81100597796 81100174538
81414599269 81100651259
81414599269 81100283371
81414599269 81100304210
81100651259 81414599269
81100651259 81100283371
81100651259 81100304210
81100283371 81414599269
81100283371 81100651259
81100283371 81100304210
81100304210 81414599269
81100304210 81100651259
81100304210 81100283371
81100508143 81100086722
81100086722 81100508143
81100412432 81100608745
81100412432 81332504405
81100608745 81100412432
81100608745 81332504405
81332504405 81100412432
81332504405 81100608745
81100333137 81100652508
81100652508 81100333137
81339500009 81310491615
81339500009 81100658392
81339500009 81100240807
81339500009 81100021662
81310491615 81339500009
81310491615 81100658392
81310491615 81100240807
81310491615 81100021662
81100658392 81339500009
81100658392 81310491615
81100658392 81100240807
81100658392 81100021662
81100240807 81339500009
81100240807 81310491615
81100240807 81100658392
81100240807 81100021662
81100021662 81339500009
81100021662 81310491615
81100021662 81100658392
81100021662 81100240807
81100481185 81100182411
81100481185 81100601226
81100481185 81100467085
81100481185 81408600569
81100481185 81332536390
81100182411 81100481185
81100182411 81100601226
81100182411 81100467085
81100182411 81408600569
81100182411 81332536390
81100601226 81100481185
81100601226 81100182411
81100601226 81100467085
81100601226 81408600569
81100601226 81332536390
81100467085 81100481185
81100467085 81100182411
81100467085 81100601226
81100467085 81408600569
81100467085 81332536390
81408600569 81100481185
81408600569 81100182411
81408600569 81100601226
81408600569 81100467085
81408600569 81332536390
81332536390 81100481185
81332536390 81100182411
81332536390 81100601226
81332536390 81100467085
81332536390 81408600569
81351593798 81100381250
81100381250 81351593798
81414601851 81414607947
81414601851 81367595570
81414601851 81367597104
81414607947 81414601851
81414607947 81367595570
81414607947 81367597104
81367595570 81414601851
81367595570 81414607947
81367595570 81367597104
81367597104 81414601851
81367597104 81414607947
81367597104 81367595570
81100532692 81100172159
81100532692 81100439141
81100532692 81100131111
81100172159 81100532692
81100172159 81100439141
81100172159 81100131111
81100439141 81100532692
81100439141 81100172159
81100439141 81100131111
81100131111 81100532692
81100131111 81100172159
81100131111 81100439141
81452616942 81332494355
81452616942 81100652508
81452616942 81363594457
81332494355 81452616942
81332494355 81100652508
81332494355 81363594457
81100652508 81452616942
81100652508 81332494355
81100652508 81363594457
81363594457 81452616942
81363594457 81332494355
81363594457 81100652508
81363594457 81100652508
81100652508 81363594457
81100404971 81452608409
81452608409 81100404971
81452617514 81310490441
81452617514 81100613121
81452617514 81452616942
81310490441 81452617514
81310490441 81100613121
81310490441 81452616942
81100613121 81452617514
81100613121 81310490441
81100613121 81452616942
81452616942 81452617514
81452616942 81310490441
81452616942 81100613121
81100169417 81100112821
81100112821 81100169417
81100499764 81100164741
81100499764 81332528646
81100499764 81407593611
81100499764 81332512068
81100164741 81100499764
81100164741 81332528646
81100164741 81407593611
81100164741 81332512068
81332528646 81100499764
81332528646 81100164741
81332528646 81407593611
81332528646 81332512068
81407593611 81100499764
81407593611 81100164741
81407593611 81332528646
81407593611 81332512068
81332512068 81100499764
81332512068 81100164741
81332512068 81332528646
81332512068 81407593611
