81100284549 81339525237
81339525237 81100284549
81100181567 81100298147
81100298147 81100181567
81100572573 81100436761
81100436761 81100572573
81384590803 81100577048
81384590803 81100499652
81384590803 81100286633
81100577048 81384590803
81100577048 81100499652
81100577048 81100286633
81100499652 81384590803
81100499652 81100577048
81100499652 81100286633
81100286633 81384590803
81100286633 81100577048
81100286633 81100499652
81100166567 81343501036
81100166567 81542132456
81343501036 81100166567
81343501036 81542132456
81542132456 81100166567
81542132456 81343501036
81100431111 81342491865
81100431111 81342493531
81100431111 81100010297
81100431111 81342511768
81342491865 81100431111
81342491865 81342493531
81342491865 81100010297
81342491865 81342511768
81342493531 81100431111
81342493531 81342491865
81342493531 81100010297
81342493531 81342511768
81100010297 81100431111
81100010297 81342491865
81100010297 81342493531
81100010297 81342511768
81342511768 81100431111
81342511768 81342491865
81342511768 81342493531
81342511768 81100010297
81100258720 81100148856
81100148856 81100258720
81100186407 81100083861
81100083861 81100186407
81100220790 81100586418
81100586418 81100220790
81100272815 81100493045
81100493045 81100272815
81100594951 81100102112
81100102112 81100594951
81100046046 81100128690
81100046046 81100550139
81100128690 81100046046
81100128690 81100550139
81100550139 81100046046
81100550139 81100128690
81547771756 81100453244
81100453244 81547771756
81100030148 81339535504
81339535504 81100030148
81100503766 81545022356
81545022356 81100503766
81100074491 81100092419
81100092419 81100074491
81100131077 81100023959
81100023959 81100131077
81100503766 81100313453
81100313453 81100503766
99658960870 81100630598
81100630598 99658960870
81100217507 81100160778
81100160778 81100217507
81100428843 81100313045
81100313045 81100428843
81100649307 81423595160
81423595160 81100649307
81100303767 81100165517
81100303767 81100437462
81100165517 81100303767
81100165517 81100437462
81100437462 81100303767
81100437462 81100165517
81100074491 81100092419
81100074491 81100432433
81100092419 81100074491
81100092419 81100432433
81100432433 81100074491
81100432433 81100092419
81100361774 81452618006
81100361774 81543221456
81452618006 81100361774
81452618006 81543221456
81543221456 81100361774
81543221456 81452618006
99658960870 99658764375
99658764375 99658960870
81100041171 81100506871
81100506871 81100041171
81100422641 81538337856
81538337856 81100422641
81100420918 81100409020
81100420918 81423595164
81100409020 81100420918
81100409020 81423595164
81423595164 81100420918
81423595164 81100409020
81100225595 81100340757
81100340757 81100225595
81100470161 81542770456
81100470161 81100437117
81542770456 81100470161
81542770456 81100437117
81100437117 81100470161
81100437117 81542770456
81540883956 81100567581
81100567581 81540883956
81100575717 81100498862
81100498862 81100575717
81100225595 81100340757
81100340757 81100225595
81423595160 81100649307
81100649307 81423595160
81350588112 81408602859
81408602859 81350588112
81100068931 81100154599
81100154599 81100068931
81100420918 81100409020
81100409020 81100420918
81100223867 81100165517
81100165517 81100223867
81100116412 81100030148
81100030148 81100116412
81100217075 81100069550
81100217075 81100196823
81100069550 81100217075
81100069550 81100196823
81100196823 81100217075
81100196823 81100069550
81100315651 81100135087
81100135087 81100315651
81100074491 81100067534
81100067534 81100074491
81100225595 81100424505
81100225595 81100542635
81100424505 81100225595
81100424505 81100542635
81100542635 81100225595
81100542635 81100424505
81100068931 81100154599
81100154599 81100068931
81100652508 81100644573
81100644573 81100652508
81342505201 81342494123
81342505201 81100586462
81342494123 81342505201
81342494123 81100586462
81100586462 81342505201
81100586462 81342494123
81100309731 81100597796
81100597796 81100309731
81100303767 81100323895
81100303767 81100286292
81100323895 81100303767
81100323895 81100286292
81100286292 81100303767
81100286292 81100323895
81100649307 81100350752
81100649307 81350588112
81100350752 81100649307
81100350752 81350588112
81350588112 81100649307
81350588112 81100350752
81100420918 81100409020
81100409020 81100420918
81100503766 81546370256
81546370256 81100503766
81100075090 81100222861
81100222861 81100075090
81100010297 81332516792
81100010297 81100454230
81332516792 81100010297
81332516792 81100454230
81100454230 81100010297
81100454230 81332516792
81100076755 81452616942
81452616942 81100076755
81339489556 81100433281
81100433281 81339489556
81100503766 81544581256
81100503766 81350588112
81544581256 81100503766
81544581256 81350588112
81350588112 81100503766
81350588112 81544581256
99659177510 81100228830
99659177510 81100210009
99659177510 99659181851
81100228830 99659177510
81100228830 81100210009
81100228830 99659181851
81100210009 99659177510
81100210009 81100228830
81100210009 99659181851
99659181851 99659177510
99659181851 81100228830
99659181851 81100210009
81100463643 81337492433
81337492433 81100463643
81100330673 81100556662
81100556662 81100330673
81100652508 81100334632
81100652508 81100436730
81100334632 81100652508
81100334632 81100436730
81100436730 81100652508
81100436730 81100334632
81100010297 81332516792
81332516792 81100010297
81100069688 81544169456
81544169456 81100069688
81100206490 81100422083
81100422083 81100206490
81350591024 81100460215
81100460215 81350591024
81100652508 81100436730
81100436730 81100652508
81100396126 81100223217
81100396126 81100126466
81100223217 81100396126
81100223217 81100126466
81100126466 81100396126
81100126466 81100223217
81100568784 81100075090
81100075090 81100568784
81408593159 81100503766
81100503766 81408593159
81100511324 81100099073
81100099073 81100511324
81100277405 81100023981
81100023981 81100277405
81452608268 81100074491
81452608268 81100033895
81452608268 81100228765
81100074491 81452608268
81100074491 81100033895
81100074491 81100228765
81100033895 81452608268
81100033895 81100074491
81100033895 81100228765
81100228765 81452608268
81100228765 81100074491
81100228765 81100033895
81100618039 81100511642
81100511642 81100618039
81414605281 81100584166
81414605281 81100585052
81100584166 81414605281
81100584166 81100585052
81100585052 81414605281
81100585052 81100584166
81100362356 81100297742
81100297742 81100362356
81546505156 81100406059
81100406059 81546505156
81100154599 81100068931
81100068931 81100154599
81100029320 81100200925
81100200925 81100029320
81408593159 81100573390
81408593159 81451595632
81100573390 81408593159
81100573390 81451595632
81451595632 81408593159
81451595632 81100573390
81100649307 81339534035
81339534035 81100649307
81546647156 81100636122
81546647156 81100337219
81546647156 81100262886
81100636122 81546647156
81100636122 81100337219
81100636122 81100262886
81100337219 81546647156
81100337219 81100636122
81100337219 81100262886
81100262886 81546647156
81100262886 81100636122
81100262886 81100337219
81100350752 81100030768
81100030768 81100350752
81100204615 81100505669
81100204615 81100662992
81100505669 81100204615
81100505669 81100662992
81100662992 81100204615
81100662992 81100505669
81100431111 81100142103
81100431111 81100454230
81100142103 81100431111
81100142103 81100454230
81100454230 81100431111
81100454230 81100142103
81490661635 81350588112
81350588112 81490661635
81100391397 81100164634
81100391397 81100289836
81100164634 81100391397
81100164634 81100289836
81100289836 81100391397
81100289836 81100164634
81539577556 81100630598
81100630598 81539577556
81350588112 81100232898
81350588112 81539214856
81100232898 81350588112
81100232898 81539214856
81539214856 81350588112
81539214856 81100232898
81100463643 81337492433
81337492433 81100463643
81100225595 81100583365
81100225595 81100302484
81100225595 81100612514
81100225595 81100542635
81100583365 81100225595
81100583365 81100302484
81100583365 81100612514
81100583365 81100542635
81100302484 81100225595
81100302484 81100583365
81100302484 81100612514
81100302484 81100542635
81100612514 81100225595
81100612514 81100583365
81100612514 81100302484
81100612514 81100542635
81100542635 81100225595
81100542635 81100583365
81100542635 81100302484
81100542635 81100612514
81100393182 81332488576
81100393182 81100562735
81100393182 81100132805
81332488576 81100393182
81332488576 81100562735
81332488576 81100132805
81100562735 81100393182
81100562735 81332488576
81100562735 81100132805
81100132805 81100393182
81100132805 81332488576
81100132805 81100562735
81100379108 81100147311
81100379108 81100519821
81100147311 81100379108
81100147311 81100519821
81100519821 81100379108
81100519821 81100147311
81540077456 81100650323
81540077456 81100405472
81100650323 81540077456
81100650323 81100405472
81100405472 81540077456
81100405472 81100650323
81100029320 81100200925
81100200925 81100029320
81452616942 81100285333
81100285333 81452616942
81100536867 81100007999
81100007999 81100536867
81100171678 81100140005
81100171678 81545032656
81100140005 81100171678
81100140005 81545032656
81545032656 81100171678
81545032656 81100140005
81100439953 81100554338
81100554338 81100439953
81100382786 81100001398
81100001398 81100382786
81100010297 81100142103
81100010297 81100431111
81100010297 81100241870
81100142103 81100010297
81100142103 81100431111
81100142103 81100241870
81100431111 81100010297
81100431111 81100142103
81100431111 81100241870
81100241870 81100010297
81100241870 81100142103
81100241870 81100431111
81100613167 81100195722
81100195722 81100613167
81100398904 81332494649
81100398904 81332523682
81332494649 81100398904
81332494649 81332523682
81332523682 81100398904
81332523682 81332494649
81100609693 81100162028
81100162028 81100609693
81100047795 81100426321
81100047795 81100111115
81100426321 81100047795
81100426321 81100111115
81100111115 81100047795
81100111115 81100426321
81414603992 81408591943
81414603992 81414599830
81408591943 81414603992
81408591943 81414599830
81414599830 81414603992
81414599830 81408591943
81100522721 81332535479
81332535479 81100522721
81100183521 81100503766
81100503766 81100183521
81408593159 81100573390
81408593159 81100503766
81408593159 81451595632
81100573390 81408593159
81100573390 81100503766
81100573390 81451595632
81100503766 81408593159
81100503766 81100573390
81100503766 81451595632
81451595632 81408593159
81451595632 81100573390
81451595632 81100503766
81100236403 81100414627
81100236403 81329487875
81100236403 81100241365
81100414627 81100236403
81100414627 81329487875
81100414627 81100241365
81329487875 81100236403
81329487875 81100414627
81329487875 81100241365
81100241365 81100236403
81100241365 81100414627
81100241365 81329487875
81100049482 81100087919
81100087919 81100049482
81408593159 81100573390
81100573390 81408593159
81337492433 81100463643
81100463643 81337492433
81100323052 81100371021
81100323052 81350588112
81100371021 81100323052
81100371021 81350588112
81350588112 81100323052
81350588112 81100371021
81350588112 81542659356
81542659356 81350588112
81100195490 81100429718
81100429718 81100195490
