81100284549 81339525237
81339525237 81100284549
81100181567 81100298147
81100298147 81100181567
81100572573 81100436761
81100436761 81100572573
81384590803 81100577048
81384590803 81100499652
81384590803 81100286633
81100577048 81384590803
81100577048 81100499652
81100577048 81100286633
81100499652 81384590803
81100499652 81100577048
81100499652 81100286633
81100286633 81384590803
81100286633 81100577048
81100286633 81100499652
81100166567 81343501036
81100166567 81542132456
81343501036 81100166567
81343501036 81542132456
81542132456 81100166567
81542132456 81343501036
81100431111 81342491865
81100431111 81342493531
81100431111 81100010297
81100431111 81342511768
81342491865 81100431111
81342491865 81342493531
81342491865 81100010297
81342491865 81342511768
81342493531 81100431111
81342493531 81342491865
81342493531 81100010297
81342493531 81342511768
81100010297 81100431111
81100010297 81342491865
81100010297 81342493531
81100010297 81342511768
81342511768 81100431111
81342511768 81342491865
81342511768 81342493531
81342511768 81100010297
81100258720 81100148856
81100148856 81100258720
81100186407 81100083861
81100083861 81100186407
81100220790 81100586418
81100586418 81100220790
81100272815 81100493045
81100493045 81100272815
81100594951 81100102112
81100102112 81100594951
81100046046 81100128690
81100046046 81100550139
81100128690 81100046046
81100128690 81100550139
81100550139 81100046046
81100550139 81100128690
81547771756 81100453244
81100453244 81547771756
81100030148 81339535504
81339535504 81100030148
81100503766 81545022356
81545022356 81100503766
81100074491 81100092419
81100092419 81100074491
81100131077 81100023959
81100023959 81100131077
81100503766 81100313453
81100313453 81100503766
99658960870 81100630598
81100630598 99658960870
81100217507 81100160778
81100160778 81100217507
81100428843 81100313045
81100313045 81100428843
81100649307 81423595160
81423595160 81100649307
81100303767 81100165517
81100303767 81100437462
81100165517 81100303767
81100165517 81100437462
81100437462 81100303767
81100437462 81100165517
81100074491 81100092419
81100074491 81100432433
81100092419 81100074491
81100092419 81100432433
81100432433 81100074491
81100432433 81100092419
81100361774 81452618006
81100361774 81543221456
81452618006 81100361774
81452618006 81543221456
81543221456 81100361774
81543221456 81452618006
99658960870 99658764375
99658764375 99658960870
81100041171 81100506871
81100506871 81100041171
81100422641 81538337856
81538337856 81100422641
81100420918 81100409020
81100420918 81423595164
81100409020 81100420918
81100409020 81423595164
81423595164 81100420918
81423595164 81100409020
81100225595 81100340757
81100340757 81100225595
81100470161 81542770456
81100470161 81100437117
81542770456 81100470161
81542770456 81100437117
81100437117 81100470161
81100437117 81542770456
81540883956 81100567581
81100567581 81540883956
81100575717 81100498862
81100498862 81100575717
81100225595 81100340757
81100340757 81100225595
81423595160 81100649307
81100649307 81423595160
81350588112 81408602859
81408602859 81350588112
81100068931 81100154599
81100154599 81100068931
81100420918 81100409020
81100409020 81100420918
81100223867 81100165517
81100165517 81100223867
81100116412 81100030148
81100030148 81100116412
81100217075 81100069550
81100217075 81100196823
81100069550 81100217075
81100069550 81100196823
81100196823 81100217075
81100196823 81100069550
81100315651 81100135087
81100135087 81100315651
81100074491 81100067534
81100067534 81100074491
81100225595 81100424505
81100225595 81100542635
81100424505 81100225595
81100424505 81100542635
81100542635 81100225595
81100542635 81100424505
81100068931 81100154599
81100154599 81100068931
81100652508 81100644573
81100644573 81100652508
81342505201 81342494123
81342505201 81100586462
81342494123 81342505201
81342494123 81100586462
81100586462 81342505201
81100586462 81342494123
81100309731 81100597796
81100597796 81100309731
81100303767 81100323895
81100303767 81100286292
81100323895 81100303767
81100323895 81100286292
81100286292 81100303767
81100286292 81100323895
81100649307 81100350752
81100649307 81350588112
81100350752 81100649307
81100350752 81350588112
81350588112 81100649307
81350588112 81100350752
81100420918 81100409020
81100409020 81100420918
81100503766 81546370256
81546370256 81100503766
81100075090 81100222861
81100222861 81100075090
81100010297 81332516792
81100010297 81100454230
81332516792 81100010297
81332516792 81100454230
81100454230 81100010297
81100454230 81332516792
81100076755 81452616942
81452616942 81100076755
81339489556 81100433281
81100433281 81339489556
81100503766 81544581256
81100503766 81350588112
81544581256 81100503766
81544581256 81350588112
81350588112 81100503766
81350588112 81544581256
99659177510 81100228830
99659177510 81100210009
99659177510 99659181851
81100228830 99659177510
81100228830 81100210009
81100228830 99659181851
81100210009 99659177510
81100210009 81100228830
81100210009 99659181851
99659181851 99659177510
99659181851 81100228830
99659181851 81100210009
81100463643 81337492433
81337492433 81100463643
81100330673 81100556662
81100556662 81100330673
81100652508 81100334632
81100652508 81100436730
81100334632 81100652508
81100334632 81100436730
81100436730 81100652508
81100436730 81100334632
81100010297 81332516792
81332516792 81100010297
81100069688 81544169456
81544169456 81100069688
81100206490 81100422083
81100422083 81100206490
81350591024 81100460215
81100460215 81350591024
81100652508 81100436730
81100436730 81100652508
81100396126 81100223217
81100396126 81100126466
81100223217 81100396126
81100223217 81100126466
81100126466 81100396126
81100126466 81100223217
81100568784 81100075090
81100075090 81100568784
81408593159 81100503766
81100503766 81408593159
81100511324 81100099073
81100099073 81100511324
81100277405 81100023981
81100023981 81100277405
81452608268 81100074491
81452608268 81100033895
81452608268 81100228765
81100074491 81452608268
81100074491 81100033895
81100074491 81100228765
81100033895 81452608268
81100033895 81100074491
81100033895 81100228765
81100228765 81452608268
81100228765 81100074491
81100228765 81100033895
81100618039 81100511642
81100511642 81100618039
81414605281 81100584166
81414605281 81100585052
81100584166 81414605281
81100584166 81100585052
81100585052 81414605281
81100585052 81100584166
81100362356 81100297742
81100297742 81100362356
81546505156 81100406059
81100406059 81546505156
81100154599 81100068931
81100068931 81100154599
81100029320 81100200925
81100200925 81100029320
81408593159 81100573390
81408593159 81451595632
81100573390 81408593159
81100573390 81451595632
81451595632 81408593159
81451595632 81100573390
81100649307 81339534035
81339534035 81100649307
81546647156 81100636122
81546647156 81100337219
81546647156 81100262886
81100636122 81546647156
81100636122 81100337219
81100636122 81100262886
81100337219 81546647156
81100337219 81100636122
81100337219 81100262886
81100262886 81546647156
81100262886 81100636122
81100262886 81100337219
81100350752 81100030768
81100030768 81100350752
81100204615 81100505669
81100204615 81100662992
81100505669 81100204615
81100505669 81100662992
81100662992 81100204615
81100662992 81100505669
81100431111 81100142103
81100431111 81100454230
81100142103 81100431111
81100142103 81100454230
81100454230 81100431111
81100454230 81100142103
81490661635 81350588112
81350588112 81490661635
81100391397 81100164634
81100391397 81100289836
81100164634 81100391397
81100164634 81100289836
81100289836 81100391397
81100289836 81100164634
81539577556 81100630598
81100630598 81539577556
81350588112 81100232898
81350588112 81539214856
81100232898 81350588112
81100232898 81539214856
81539214856 81350588112
81539214856 81100232898
81100463643 81337492433
81337492433 81100463643
81100225595 81100583365
81100225595 81100302484
81100225595 81100612514
81100225595 81100542635
81100583365 81100225595
81100583365 81100302484
81100583365 81100612514
81100583365 81100542635
81100302484 81100225595
81100302484 81100583365
81100302484 81100612514
81100302484 81100542635
81100612514 81100225595
81100612514 81100583365
81100612514 81100302484
81100612514 81100542635
81100542635 81100225595
81100542635 81100583365
81100542635 81100302484
81100542635 81100612514
81100393182 81332488576
81100393182 81100562735
81100393182 81100132805
81332488576 81100393182
81332488576 81100562735
81332488576 81100132805
81100562735 81100393182
81100562735 81332488576
81100562735 81100132805
81100132805 81100393182
81100132805 81332488576
81100132805 81100562735
81100379108 81100147311
81100379108 81100519821
81100147311 81100379108
81100147311 81100519821
81100519821 81100379108
81100519821 81100147311
81540077456 81100650323
81540077456 81100405472
81100650323 81540077456
81100650323 81100405472
81100405472 81540077456
81100405472 81100650323
81100029320 81100200925
81100200925 81100029320
81452616942 81100285333
81100285333 81452616942
81100536867 81100007999
81100007999 81100536867
81100171678 81100140005
81100171678 81545032656
81100140005 81100171678
81100140005 81545032656
81545032656 81100171678
81545032656 81100140005
81100439953 81100554338
81100554338 81100439953
81100382786 81100001398
81100001398 81100382786
81100010297 81100142103
81100010297 81100431111
81100010297 81100241870
81100142103 81100010297
81100142103 81100431111
81100142103 81100241870
81100431111 81100010297
81100431111 81100142103
81100431111 81100241870
81100241870 81100010297
81100241870 81100142103
81100241870 81100431111
81100613167 81100195722
81100195722 81100613167
81100398904 81332494649
81100398904 81332523682
81332494649 81100398904
81332494649 81332523682
81332523682 81100398904
81332523682 81332494649
81100609693 81100162028
81100162028 81100609693
81100047795 81100426321
81100047795 81100111115
81100426321 81100047795
81100426321 81100111115
81100111115 81100047795
81100111115 81100426321
81414603992 81408591943
81414603992 81414599830
81408591943 81414603992
81408591943 81414599830
81414599830 81414603992
81414599830 81408591943
81100522721 81332535479
81332535479 81100522721
81100183521 81100503766
81100503766 81100183521
81408593159 81100573390
81408593159 81100503766
81408593159 81451595632
81100573390 81408593159
81100573390 81100503766
81100573390 81451595632
81100503766 81408593159
81100503766 81100573390
81100503766 81451595632
81451595632 81408593159
81451595632 81100573390
81451595632 81100503766
81100236403 81100414627
81100236403 81329487875
81100236403 81100241365
81100414627 81100236403
81100414627 81329487875
81100414627 81100241365
81329487875 81100236403
81329487875 81100414627
81329487875 81100241365
81100241365 81100236403
81100241365 81100414627
81100241365 81329487875
81100049482 81100087919
81100087919 81100049482
81408593159 81100573390
81100573390 81408593159
81337492433 81100463643
81100463643 81337492433
81100323052 81100371021
81100323052 81350588112
81100371021 81100323052
81100371021 81350588112
81350588112 81100323052
81350588112 81100371021
81350588112 81542659356
81542659356 81350588112
81100195490 81100429718
81100429718 81100195490
81408593159 81100543359
81100543359 81408593159
81100362356 81332517560
81332517560 81100362356
81100523409 81100502331
81100502331 81100523409
81100125749 81100447373
81100447373 81100125749
81100463643 81337492433
81337492433 81100463643
81100172373 81332535479
81332535479 81100172373
81100183521 81100503766
81100503766 81100183521
81100207033 81100165517
81100165517 81100207033
81100225595 81408593159
81408593159 81100225595
81100166403 81100154599
81100154599 81100166403
81490661635 81332510252
81332510252 81490661635
81100084666 81100500237
81100084666 81100399832
81100500237 81100084666
81100500237 81100399832
81100399832 81100084666
81100399832 81100500237
81100653404 81100578335
81100578335 81100653404
81100195722 81100613167
81100613167 81100195722
81100271216 81100305310
81100271216 81100154599
81100305310 81100271216
81100305310 81100154599
81100154599 81100271216
81100154599 81100305310
81100393182 81332488335
81100393182 81332488576
81100393182 81100562735
81332488335 81100393182
81332488335 81332488576
81332488335 81100562735
81332488576 81100393182
81332488576 81332488335
81332488576 81100562735
81100562735 81100393182
81100562735 81332488335
81100562735 81332488576
81100001889 81452608422
81100001889 81452617908
81452608422 81100001889
81452608422 81452617908
81452617908 81100001889
81452617908 81452608422
81100083433 81100379108
81100083433 81452617908
81100379108 81100083433
81100379108 81452617908
81452617908 81100083433
81452617908 81100379108
81100206490 81442609480
81442609480 81100206490
81100595094 99659119889
99659119889 81100595094
81100431111 81100010297
81100431111 81100142103
81100431111 81100241870
81100010297 81100431111
81100010297 81100142103
81100010297 81100241870
81100142103 81100431111
81100142103 81100010297
81100142103 81100241870
81100241870 81100431111
81100241870 81100010297
81100241870 81100142103
81100223867 81100165517
81100165517 81100223867
81100032993 81100632027
81100632027 81100032993
81100514527 81100610513
81100514527 81100291906
81100514527 81100630358
81100610513 81100514527
81100610513 81100291906
81100610513 81100630358
81100291906 81100514527
81100291906 81100610513
81100291906 81100630358
81100630358 81100514527
81100630358 81100610513
81100630358 81100291906
81100437714 81100326990
81100326990 81100437714
81100649307 81100350752
81100350752 81100649307
81100402226 81100381317
81100381317 81100402226
81452598750 81100103770
81452598750 81100150568
81100103770 81452598750
81100103770 81100150568
81100150568 81452598750
81100150568 81100103770
81332507158 81100046356
81332507158 81100633986
81100046356 81332507158
81100046356 81100633986
81100633986 81332507158
81100633986 81100046356
81350588112 81332516383
81332516383 81350588112
81408593159 81100543359
81100543359 81408593159
81100153216 81100403013
81100153216 81100348847
81100403013 81100153216
81100403013 81100348847
81100348847 81100153216
81100348847 81100403013
81100225595 81100503766
81100503766 81100225595
81100362356 81332505701
81332505701 81100362356
81339500009 81100006427
81339500009 81409594020
81100006427 81339500009
81100006427 81409594020
81409594020 81339500009
81409594020 81100006427
81100070166 81100362356
81100070166 81100044921
81100070166 81332526398
81100070166 81100297742
81100362356 81100070166
81100362356 81100044921
81100362356 81332526398
81100362356 81100297742
81100044921 81100070166
81100044921 81100362356
81100044921 81332526398
81100044921 81100297742
81332526398 81100070166
81332526398 81100362356
81332526398 81100044921
81332526398 81100297742
81100297742 81100070166
81100297742 81100362356
81100297742 81100044921
81100297742 81332526398
81538744056 81100593009
81100593009 81538744056
81100420918 81430645708
81430645708 81100420918
81100604882 81100094784
81100604882 81100200024
81100094784 81100604882
81100094784 81100200024
81100200024 81100604882
81100200024 81100094784
81100191589 81100249329
81100249329 81100191589
81100398904 81100329165
81100329165 81100398904
81100275143 81100414627
81100414627 81100275143
81100649937 81100019458
81100649937 81100134501
81100649937 81100552367
81100649937 81541660056
81100649937 81100464482
81100649937 81545590756
81100019458 81100649937
81100019458 81100134501
81100019458 81100552367
81100019458 81541660056
81100019458 81100464482
81100019458 81545590756
81100134501 81100649937
81100134501 81100019458
81100134501 81100552367
81100134501 81541660056
81100134501 81100464482
81100134501 81545590756
81100552367 81100649937
81100552367 81100019458
81100552367 81100134501
81100552367 81541660056
81100552367 81100464482
81100552367 81545590756
81541660056 81100649937
81541660056 81100019458
81541660056 81100134501
81541660056 81100552367
81541660056 81100464482
81541660056 81545590756
81100464482 81100649937
81100464482 81100019458
81100464482 81100134501
81100464482 81100552367
81100464482 81541660056
81100464482 81545590756
81545590756 81100649937
81545590756 81100019458
81545590756 81100134501
81545590756 81100552367
81545590756 81541660056
81545590756 81100464482
81100652508 81332513702
81100652508 81100149856
81332513702 81100652508
81332513702 81100149856
81100149856 81100652508
81100149856 81332513702
81100622665 81100192310
81100622665 81100270171
81100192310 81100622665
81100192310 81100270171
81100270171 81100622665
81100270171 81100192310
81332489342 81100633734
81100633734 81332489342
81100431111 81100010297
81100431111 81100142103
81100010297 81100431111
81100010297 81100142103
81100142103 81100431111
81100142103 81100010297
81342505778 81100552707
81100552707 81342505778
81100367648 81332512582
81332512582 81100367648
81452608422 81452617908
81452608422 81100162450
81452617908 81452608422
81452617908 81100162450
81100162450 81452608422
81100162450 81452617908
81100494832 81100270352
81100494832 81100296665
81100270352 81100494832
81100270352 81100296665
81100296665 81100494832
81100296665 81100270352
81100172947 81100382786
81100382786 81100172947
81100503766 81100225595
81100503766 81100073452
81100225595 81100503766
81100225595 81100073452
81100073452 81100503766
81100073452 81100225595
81100572106 81332531626
81100572106 81100192743
81332531626 81100572106
81332531626 81100192743
81100192743 81100572106
81100192743 81332531626
81100305737 81375596843
81375596843 81100305737
81100584206 81100597796
81100597796 81100584206
81452608268 81100472470
81100472470 81452608268
81100015412 81100652508
81100652508 81100015412
81100649307 81100077446
81100077446 81100649307
81100086937 81100262103
81100262103 81100086937
81100142103 81100371021
81100142103 81100019458
81100371021 81100142103
81100371021 81100019458
81100019458 81100142103
81100019458 81100371021
81100336335 81339501893
81339501893 81100336335
81452601174 81442599446
81452601174 81340490569
81442599446 81452601174
81442599446 81340490569
81340490569 81452601174
81340490569 81442599446
81100609693 81100236403
81100236403 81100609693
81100032065 81100023853
81100023853 81100032065
81100276670 81332497683
81332497683 81100276670
81100588726 81100046247
81100588726 81100156575
81100588726 81100001575
81100588726 81100373646
81100046247 81100588726
81100046247 81100156575
81100046247 81100001575
81100046247 81100373646
81100156575 81100588726
81100156575 81100046247
81100156575 81100001575
81100156575 81100373646
81100001575 81100588726
81100001575 81100046247
81100001575 81100156575
81100001575 81100373646
81100373646 81100588726
81100373646 81100046247
81100373646 81100156575
81100373646 81100001575
81100029320 81100200925
81100200925 81100029320
81100428588 81100652508
81100652508 81100428588
81100236403 81100564379
81100564379 81100236403
81100362356 81100350752
81100350752 81100362356
81100357242 81100226301
81100357242 81100139285
81100226301 81100357242
81100226301 81100139285
81100139285 81100357242
81100139285 81100226301
81452604957 81100272745
81100272745 81452604957
81100269738 81100612414
81100269738 81332498754
81100269738 81332503026
81100269738 81100458027
81100269738 81430662381
81100612414 81100269738
81100612414 81332498754
81100612414 81332503026
81100612414 81100458027
81100612414 81430662381
81332498754 81100269738
81332498754 81100612414
81332498754 81332503026
81332498754 81100458027
81332498754 81430662381
81332503026 81100269738
81332503026 81100612414
81332503026 81332498754
81332503026 81100458027
81332503026 81430662381
81100458027 81100269738
81100458027 81100612414
81100458027 81332498754
81100458027 81332503026
81100458027 81430662381
81430662381 81100269738
81430662381 81100612414
81430662381 81332498754
81430662381 81332503026
81430662381 81100458027
81452616942 81452617514
81452617514 81452616942
81100283371 81100634268
81100283371 81100304210
81100634268 81100283371
81100634268 81100304210
81100304210 81100283371
81100304210 81100634268
81100206490 81100631454
81100631454 81100206490
81332509147 81100357386
81100357386 81332509147
81100529893 81332499855
81100529893 81100415444
81332499855 81100529893
81332499855 81100415444
81100415444 81100529893
81100415444 81332499855
81339500009 81332492986
81339500009 81100240807
81339500009 81452605951
81332492986 81339500009
81332492986 81100240807
81332492986 81452605951
81100240807 81339500009
81100240807 81332492986
81100240807 81452605951
81452605951 81339500009
81452605951 81332492986
81452605951 81100240807
81100371021 81100142103
81100142103 81100371021
81100235299 81329487875
81100235299 81100618039
81100235299 81100500237
81100235299 81100211913
81329487875 81100235299
81329487875 81100618039
81329487875 81100500237
81329487875 81100211913
81100618039 81100235299
81100618039 81329487875
81100618039 81100500237
81100618039 81100211913
81100500237 81100235299
81100500237 81329487875
81100500237 81100618039
81100500237 81100211913
81100211913 81100235299
81100211913 81329487875
81100211913 81100618039
81100211913 81100500237
81100652508 81100143232
81100143232 81100652508
81100007239 81100007235
81100007239 81100022405
81100007235 81100007239
81100007235 81100022405
81100022405 81100007239
81100022405 81100007235
81100350273 81100652508
81100652508 81100350273
81100370761 81410595315
81410595315 81100370761
81326488419 81332497831
81326488419 81100102338
81326488419 81332535479
81332497831 81326488419
81332497831 81100102338
81332497831 81332535479
81100102338 81326488419
81100102338 81332497831
81100102338 81332535479
81332535479 81326488419
81332535479 81332497831
81332535479 81100102338
81408592058 81547671456
81408592058 81332488335
81408592058 81100393182
81547671456 81408592058
81547671456 81332488335
81547671456 81100393182
81332488335 81408592058
81332488335 81547671456
81332488335 81100393182
81100393182 81408592058
81100393182 81547671456
81100393182 81332488335
81100420918 81100376548
81100420918 81332514866
81100376548 81100420918
81100376548 81332514866
81332514866 81100420918
81332514866 81100376548
81100649307 81100350752
81100350752 81100649307
81100652508 81100428588
81100652508 81100350273
81100428588 81100652508
81100428588 81100350273
81100350273 81100652508
81100350273 81100428588
81100362356 81100627361
81100627361 81100362356
81100371021 81100142103
81100142103 81100371021
81541056156 81350588112
81350588112 81541056156
81100597796 81100584206
81100584206 81100597796
81100062197 81100062108
81100062197 81547295656
81100062108 81100062197
81100062108 81547295656
81547295656 81100062197
81547295656 81100062108
81100269738 81332498754
81100269738 81332503026
81332498754 81100269738
81332498754 81332503026
81332503026 81100269738
81332503026 81332498754
81100546351 81100338529
81100338529 81100546351
81100529893 81409591681
81100529893 81100415444
81409591681 81100529893
81409591681 81100415444
81100415444 81100529893
81100415444 81409591681
81100304210 81100026193
81100026193 81100304210
81100543359 81408593159
81408593159 81100543359
81100372177 81100339590
81100372177 81337492271
81100372177 81100026311
81100339590 81100372177
81100339590 81337492271
81100339590 81100026311
81337492271 81100372177
81337492271 81100339590
81337492271 81100026311
81100026311 81100372177
81100026311 81100339590
81100026311 81337492271
81100268938 81100290688
81100290688 81100268938
81100126796 81100503766
81100126796 81100183521
81100503766 81100126796
81100503766 81100183521
81100183521 81100126796
81100183521 81100503766
81100220220 81100071965
81100220220 81100052406
81100071965 81100220220
81100071965 81100052406
81100052406 81100220220
81100052406 81100071965
81100494517 81100355488
81100355488 81100494517
81100206490 81100229751
81100229751 81100206490
81100235299 81100545895
81100235299 81100341558
81100545895 81100235299
81100545895 81100341558
81100341558 81100235299
81100341558 81100545895
81100326990 81100068773
81100068773 81100326990
81100204512 81100617740
81100204512 81100245729
81100204512 81100485982
81100617740 81100204512
81100617740 81100245729
81100617740 81100485982
81100245729 81100204512
81100245729 81100617740
81100245729 81100485982
81100485982 81100204512
81100485982 81100617740
81100485982 81100245729
99659073857 84358630457
99659073857 81100192743
84358630457 99659073857
84358630457 81100192743
81100192743 99659073857
81100192743 84358630457
81100007239 81100353427
81100353427 81100007239
81100269738 81332498754
81332498754 81100269738
81100019458 81100079145
81100019458 81100283322
81100079145 81100019458
81100079145 81100283322
81100283322 81100019458
81100283322 81100079145
81100213531 81408593159
81100213531 81100543359
81408593159 81100213531
81408593159 81100543359
81100543359 81100213531
81100543359 81408593159
81100188414 81409591811
81100188414 81100292394
81409591811 81100188414
81409591811 81100292394
81100292394 81100188414
81100292394 81409591811
81100283393 81100061950
81100061950 81100283393
81100286292 81452616437
81100286292 81539318356
81452616437 81100286292
81452616437 81539318356
81539318356 81100286292
81539318356 81452616437
81100652508 81540689356
81100652508 81100428588
81540689356 81100652508
81540689356 81100428588
81100428588 81100652508
81100428588 81540689356
81100134501 81339520181
81339520181 81100134501
81100235299 81100329277
81100329277 81100235299
81100303647 81332535479
81332535479 81100303647
81339500009 81332492986
81339500009 81452605951
81332492986 81339500009
81332492986 81452605951
81452605951 81339500009
81452605951 81332492986
81100200925 81100029320
81100029320 81100200925
81100028483 81100078611
81100028483 81100631454
81100078611 81100028483
81100078611 81100631454
81100631454 81100028483
81100631454 81100078611
81100370761 81100337812
81100370761 81410595315
81100370761 81100234482
81100337812 81100370761
81100337812 81410595315
81100337812 81100234482
81410595315 81100370761
81410595315 81100337812
81410595315 81100234482
81100234482 81100370761
81100234482 81100337812
81100234482 81410595315
81100086432 81100444898
81100444898 81100086432
81332535487 81100146468
81100146468 81332535487
81339503279 81100652508
81100652508 81339503279
81100240638 81100187630
81100187630 81100240638
81332533006 81320490261
81320490261 81332533006
81100649307 81342487699
81100649307 81100350752
81342487699 81100649307
81342487699 81100350752
81100350752 81100649307
81100350752 81342487699
81100612246 81100459468
81100459468 81100612246
81100573026 81332507440
81332507440 81100573026
81100371021 81100142103
81100371021 81100195722
81100142103 81100371021
81100142103 81100195722
81100195722 81100371021
81100195722 81100142103
84358630457 81100572106
81100572106 84358630457
81100168934 81100463643
81100463643 81100168934
81408593159 81537489556
81408593159 81100543359
81537489556 81408593159
81537489556 81100543359
81100543359 81408593159
81100543359 81537489556
81100370761 81100337812
81100370761 81410595315
81100337812 81100370761
81100337812 81410595315
81410595315 81100370761
81410595315 81100337812
81100269738 81332498754
81332498754 81100269738
81100174538 81100597796
81100597796 81100174538
81414599269 81100651259
81414599269 81100283371
81414599269 81100304210
81100651259 81414599269
81100651259 81100283371
81100651259 81100304210
81100283371 81414599269
81100283371 81100651259
81100283371 81100304210
81100304210 81414599269
81100304210 81100651259
81100304210 81100283371
81100508143 81100086722
81100086722 81100508143
81100412432 81100608745
81100412432 81332504405
81100608745 81100412432
81100608745 81332504405
81332504405 81100412432
81332504405 81100608745
81100333137 81100652508
81100652508 81100333137
81339500009 81310491615
81339500009 81100658392
81339500009 81100240807
81339500009 81100021662
81310491615 81339500009
81310491615 81100658392
81310491615 81100240807
81310491615 81100021662
81100658392 81339500009
81100658392 81310491615
81100658392 81100240807
81100658392 81100021662
81100240807 81339500009
81100240807 81310491615
81100240807 81100658392
81100240807 81100021662
81100021662 81339500009
81100021662 81310491615
81100021662 81100658392
81100021662 81100240807
81100481185 81100182411
81100481185 81100601226
81100481185 81100467085
81100481185 81408600569
81100481185 81332536390
81100182411 81100481185
81100182411 81100601226
81100182411 81100467085
81100182411 81408600569
81100182411 81332536390
81100601226 81100481185
81100601226 81100182411
81100601226 81100467085
81100601226 81408600569
81100601226 81332536390
81100467085 81100481185
81100467085 81100182411
81100467085 81100601226
81100467085 81408600569
81100467085 81332536390
81408600569 81100481185
81408600569 81100182411
81408600569 81100601226
81408600569 81100467085
81408600569 81332536390
81332536390 81100481185
81332536390 81100182411
81332536390 81100601226
81332536390 81100467085
81332536390 81408600569
81351593798 81100381250
81100381250 81351593798
81414601851 81414607947
81414601851 81367595570
81414601851 81367597104
81414607947 81414601851
81414607947 81367595570
81414607947 81367597104
81367595570 81414601851
81367595570 81414607947
81367595570 81367597104
81367597104 81414601851
81367597104 81414607947
81367597104 81367595570
81100532692 81100172159
81100532692 81100439141
81100532692 81100131111
81100172159 81100532692
81100172159 81100439141
81100172159 81100131111
81100439141 81100532692
81100439141 81100172159
81100439141 81100131111
81100131111 81100532692
81100131111 81100172159
81100131111 81100439141
81452616942 81332494355
81452616942 81100652508
81452616942 81363594457
81332494355 81452616942
81332494355 81100652508
81332494355 81363594457
81100652508 81452616942
81100652508 81332494355
81100652508 81363594457
81363594457 81452616942
81363594457 81332494355
81363594457 81100652508
81363594457 81100652508
81100652508 81363594457
81100404971 81452608409
81452608409 81100404971
81452617514 81310490441
81452617514 81100613121
81452617514 81452616942
81310490441 81452617514
81310490441 81100613121
81310490441 81452616942
81100613121 81452617514
81100613121 81310490441
81100613121 81452616942
81452616942 81452617514
81452616942 81310490441
81452616942 81100613121
81100169417 81100112821
81100112821 81100169417
81100499764 81100164741
81100499764 81332528646
81100499764 81407593611
81100499764 81332512068
81100164741 81100499764
81100164741 81332528646
81100164741 81407593611
81100164741 81332512068
81332528646 81100499764
81332528646 81100164741
81332528646 81407593611
81332528646 81332512068
81407593611 81100499764
81407593611 81100164741
81407593611 81332528646
81407593611 81332512068
81332512068 81100499764
81332512068 81100164741
81332512068 81332528646
81332512068 81407593611
81406597531 81100200925
81100200925 81406597531
81100350273 81100462457
81100462457 81100350273
81406598520 81100174390
81406598520 81100500245
81100174390 81406598520
81100174390 81100500245
81100500245 81406598520
81100500245 81100174390
81100164851 81100263082
81100164851 81332535479
81100263082 81100164851
81100263082 81332535479
81332535479 81100164851
81332535479 81100263082
81100367201 81100426710
81100367201 81100555334
81100426710 81100367201
81100426710 81100555334
81100555334 81100367201
81100555334 81100426710
81100240638 81100445339
81100445339 81100240638
81100639064 81332524631
81332524631 81100639064
81408603212 81542346656
81408603212 81100261727
81408603212 81100562086
81542346656 81408603212
81542346656 81100261727
81542346656 81100562086
81100261727 81408603212
81100261727 81542346656
81100261727 81100562086
81100562086 81408603212
81100562086 81542346656
81100562086 81100261727
81100188414 81409591811
81100188414 81100292394
81409591811 81100188414
81409591811 81100292394
81100292394 81100188414
81100292394 81409591811
81100618955 81100350752
81100618955 81100567802
81100618955 81100530572
81100350752 81100618955
81100350752 81100567802
81100350752 81100530572
81100567802 81100618955
81100567802 81100350752
81100567802 81100530572
81100530572 81100618955
81100530572 81100350752
81100530572 81100567802
81100494232 81100362831
81100494232 81100200262
81100362831 81100494232
81100362831 81100200262
81100200262 81100494232
81100200262 81100362831
81100232123 81100256761
81100232123 81100112045
81100256761 81100232123
81100256761 81100112045
81100112045 81100232123
81100112045 81100256761
81100033854 81100274102
81100274102 81100033854
81539568256 81100555825
81100555825 81539568256
81100350752 81100649307
81100350752 81342487699
81100649307 81100350752
81100649307 81342487699
81342487699 81100350752
81342487699 81100649307
81100396244 81100061950
81100061950 81100396244
81339528375 81309501235
81339528375 81100308969
81309501235 81339528375
81309501235 81100308969
81100308969 81339528375
81100308969 81309501235
81452616942 81100391397
81452616942 81100134501
81452616942 81100128276
81100391397 81452616942
81100391397 81100134501
81100391397 81100128276
81100134501 81452616942
81100134501 81100391397
81100134501 81100128276
81100128276 81452616942
81100128276 81100391397
81100128276 81100134501
81100149660 81100362356
81100362356 81100149660
81100563384 81100112201
81100112201 81100563384
81100260326 81100398599
81100398599 81100260326
81316490444 81100394305
81100394305 81316490444
81100650764 81100053708
81100053708 81100650764
81408594008 81339500103
81339500103 81408594008
81363594457 81100052327
81363594457 81100652508
81100052327 81363594457
81100052327 81100652508
81100652508 81363594457
81100652508 81100052327
81100233859 81100597796
81100597796 81100233859
81343492083 81100043466
81343492083 81332514176
81343492083 81100455984
81343492083 81100298772
81100043466 81343492083
81100043466 81332514176
81100043466 81100455984
81100043466 81100298772
81332514176 81343492083
81332514176 81100043466
81332514176 81100455984
81332514176 81100298772
81100455984 81343492083
81100455984 81100043466
81100455984 81332514176
81100455984 81100298772
81100298772 81343492083
81100298772 81100043466
81100298772 81332514176
81100298772 81100455984
81100487273 81410595315
81100487273 81100107542
81410595315 81100487273
81410595315 81100107542
81100107542 81100487273
81100107542 81410595315
81100057436 81100376078
81100376078 81100057436
81100002066 81100240807
81100002066 81332528296
81100002066 81100406650
81100240807 81100002066
81100240807 81332528296
81100240807 81100406650
81332528296 81100002066
81332528296 81100240807
81332528296 81100406650
81100406650 81100002066
81100406650 81100240807
81100406650 81332528296
81100113887 81100336335
81100336335 81100113887
81100546351 81100338529
81100338529 81100546351
81100412432 81100522025
81100522025 81100412432
81100262738 81100052406
81100052406 81100262738
81100618955 81100357185
81100618955 81100530572
81100618955 81332535904
81100618955 81100444892
81100357185 81100618955
81100357185 81100530572
81100357185 81332535904
81100357185 81100444892
81100530572 81100618955
81100530572 81100357185
81100530572 81332535904
81100530572 81100444892
81332535904 81100618955
81332535904 81100357185
81332535904 81100530572
81332535904 81100444892
81100444892 81100618955
81100444892 81100357185
81100444892 81100530572
81100444892 81332535904
81339534035 81543674856
81339534035 81100263489
81543674856 81339534035
81543674856 81100263489
81100263489 81339534035
81100263489 81543674856
81100627361 81100362356
81100362356 81100627361
81332535503 81100240638
81100240638 81332535503
81100395933 81408591660
81100395933 81410595315
81408591660 81100395933
81408591660 81410595315
81410595315 81100395933
81410595315 81408591660
81100401905 81100128994
81100128994 81100401905
81100131995 81100283499
81100283499 81100131995
81100211564 81100165517
81100165517 81100211564
81100371021 81100142103
81100371021 81100195722
81100142103 81100371021
81100142103 81100195722
81100195722 81100371021
81100195722 81100142103
81100396244 81100061950
81100396244 81100130525
81100061950 81100396244
81100061950 81100130525
81100130525 81100396244
81100130525 81100061950
81100503766 81100194731
81100194731 81100503766
81100350752 81100649307
81100649307 81100350752
81100064604 81100200925
81100200925 81100064604
81100620640 81100461313
81100620640 81100414579
81100620640 81100443688
81100620640 81100035748
81100461313 81100620640
81100461313 81100414579
81100461313 81100443688
81100461313 81100035748
81100414579 81100620640
81100414579 81100461313
81100414579 81100443688
81100414579 81100035748
81100443688 81100620640
81100443688 81100461313
81100443688 81100414579
81100443688 81100035748
81100035748 81100620640
81100035748 81100461313
81100035748 81100414579
81100035748 81100443688
81100029320 81100200925
81100200925 81100029320
81100199147 81100652508
81100652508 81100199147
81406597531 81100200925
81100200925 81406597531
81100064217 81100350752
81100064217 81341494124
81100350752 81100064217
81100350752 81341494124
81341494124 81100064217
81341494124 81100350752
81100555564 81100258529
81100555564 81100555334
81100555564 81405595863
81100258529 81100555564
81100258529 81100555334
81100258529 81405595863
81100555334 81100555564
81100555334 81100258529
81100555334 81405595863
81405595863 81100555564
81405595863 81100258529
81405595863 81100555334
81100145174 81100479013
81100479013 81100145174
81408591660 81342496111
81342496111 81408591660
81100130525 81100246259
81100246259 81100130525
81392607053 81310491615
81392607053 81100294522
81392607053 81452605951
81392607053 81339500009
81310491615 81392607053
81310491615 81100294522
81310491615 81452605951
81310491615 81339500009
81100294522 81392607053
81100294522 81310491615
81100294522 81452605951
81100294522 81339500009
81452605951 81392607053
81452605951 81310491615
81452605951 81100294522
81452605951 81339500009
81339500009 81392607053
81339500009 81310491615
81339500009 81100294522
81339500009 81452605951
81100612246 81410595315
81410595315 81100612246
81100033090 81452616942
81452616942 81100033090
81100622591 81100139304
81100139304 81100622591
81100305860 81100402805
81100402805 81100305860
81100385448 81100255959
81100385448 81100599836
81100385448 81100657734
81100255959 81100385448
81100255959 81100599836
81100255959 81100657734
81100599836 81100385448
81100599836 81100255959
81100599836 81100657734
81100657734 81100385448
81100657734 81100255959
81100657734 81100599836
81100604882 81100030866
81100604882 81100200024
81100030866 81100604882
81100030866 81100200024
81100200024 81100604882
81100200024 81100030866
81100172680 81100023686
81100023686 81100172680
81100051044 81332517870
81332517870 81100051044
81100029320 81100422973
81100422973 81100029320
81100223867 81100274590
81100274590 81100223867
81332488213 81452615260
81332488213 81547352956
81332488213 81100229327
81452615260 81332488213
81452615260 81547352956
81452615260 81100229327
81547352956 81332488213
81547352956 81452615260
81547352956 81100229327
81100229327 81332488213
81100229327 81452615260
81100229327 81547352956
81100532692 81100439141
81100439141 81100532692
81100149660 81100362356
81100362356 81100149660
81332511218 81100339556
81100339556 81332511218
81100564379 81100123378
81100564379 81540074356
81100123378 81100564379
81100123378 81540074356
81540074356 81100564379
81540074356 81100123378
81100546351 81430667656
81100546351 81100338529
81100546351 81100296771
81100546351 81100457770
81430667656 81100546351
81430667656 81100338529
81430667656 81100296771
81430667656 81100457770
81100338529 81100546351
81100338529 81430667656
81100338529 81100296771
81100338529 81100457770
81100296771 81100546351
81100296771 81430667656
81100296771 81100338529
81100296771 81100457770
81100457770 81100546351
81100457770 81430667656
81100457770 81100338529
81100457770 81100296771
81343501804 81100076049
81100076049 81343501804
81100431426 81332517207
81332517207 81100431426
81408591660 81410595315
81408591660 81100395933
81410595315 81408591660
81410595315 81100395933
81100395933 81408591660
81100395933 81410595315
81100215289 81100652508
81100652508 81100215289
81100350273 81100083454
81100350273 81363594457
81100350273 81100034951
81100083454 81100350273
81100083454 81363594457
81100083454 81100034951
81363594457 81100350273
81363594457 81100083454
81363594457 81100034951
81100034951 81100350273
81100034951 81100083454
81100034951 81363594457
81100145736 81100308085
81100308085 81100145736
81423592360 81100100638
81423592360 81100508912
81423592360 81100087651
81100100638 81423592360
81100100638 81100508912
81100100638 81100087651
81100508912 81423592360
81100508912 81100100638
81100508912 81100087651
81100087651 81423592360
81100087651 81100100638
81100087651 81100508912
81100234662 81100087172
81100087172 81100234662
81392607053 81310491615
81392607053 81339500009
81310491615 81392607053
81310491615 81339500009
81339500009 81392607053
81339500009 81310491615
81100635859 81319497806
81100635859 81100302472
81100635859 81100280312
81319497806 81100635859
81319497806 81100302472
81319497806 81100280312
81100302472 81100635859
81100302472 81319497806
81100302472 81100280312
81100280312 81100635859
81100280312 81319497806
81100280312 81100302472
81100139304 81100622591
81100139304 81540291156
81100139304 81100205680
81100622591 81100139304
81100622591 81540291156
81100622591 81100205680
81540291156 81100139304
81540291156 81100622591
81540291156 81100205680
81100205680 81100139304
81100205680 81100622591
81100205680 81540291156
81100091548 81100328307
81100328307 81100091548
81100420738 81100030712
81100420738 81100555203
81100420738 81332538021
81100030712 81100420738
81100030712 81100555203
81100030712 81332538021
81100555203 81100420738
81100555203 81100030712
81100555203 81332538021
81332538021 81100420738
81332538021 81100030712
81332538021 81100555203
81100099067 81100593082
81100593082 81100099067
81100652001 81335492484
81100652001 81538694156
81100652001 81100064299
81100652001 81100590402
81100652001 81100469425
81335492484 81100652001
81335492484 81538694156
81335492484 81100064299
81335492484 81100590402
81335492484 81100469425
81538694156 81100652001
81538694156 81335492484
81538694156 81100064299
81538694156 81100590402
81538694156 81100469425
81100064299 81100652001
81100064299 81335492484
81100064299 81538694156
81100064299 81100590402
81100064299 81100469425
81100590402 81100652001
81100590402 81335492484
81100590402 81538694156
81100590402 81100064299
81100590402 81100469425
81100469425 81100652001
81100469425 81335492484
81100469425 81538694156
81100469425 81100064299
81100469425 81100590402
81100429191 81100069522
81100429191 81100298436
81100429191 81100121651
81100069522 81100429191
81100069522 81100298436
81100069522 81100121651
81100298436 81100429191
81100298436 81100069522
81100298436 81100121651
81100121651 81100429191
81100121651 81100069522
81100121651 81100298436
81332532646 81100643152
81332532646 81100429191
81332532646 81100121651
81100643152 81332532646
81100643152 81100429191
81100643152 81100121651
81100429191 81332532646
81100429191 81100643152
81100429191 81100121651
81100121651 81332532646
81100121651 81100643152
81100121651 81100429191
81100205680 81100139304
81100205680 81100622591
81100139304 81100205680
81100139304 81100622591
81100622591 81100205680
81100622591 81100139304
81100169417 81100112821
81100112821 81100169417
81332494355 81452616942
81332494355 81100088642
81452616942 81332494355
81452616942 81100088642
81100088642 81332494355
81100088642 81452616942
81100235299 81100324161
81100235299 81100273549
81100235299 81100545895
81100235299 81100341621
81100324161 81100235299
81100324161 81100273549
81100324161 81100545895
81100324161 81100341621
81100273549 81100235299
81100273549 81100324161
81100273549 81100545895
81100273549 81100341621
81100545895 81100235299
81100545895 81100324161
81100545895 81100273549
81100545895 81100341621
81100341621 81100235299
81100341621 81100324161
81100341621 81100273549
81100341621 81100545895
81100405623 81100232123
81100232123 81100405623
81100064604 81100200925
81100200925 81100064604
81316490444 81100394305
81100394305 81316490444
81100432877 81332534610
81100432877 81100419799
81100432877 81100151844
81332534610 81100432877
81332534610 81100419799
81332534610 81100151844
81100419799 81100432877
81100419799 81332534610
81100419799 81100151844
81100151844 81100432877
81100151844 81332534610
81100151844 81100419799
81100303767 81430675644
81430675644 81100303767
81100064217 81341494124
81100064217 81100350752
81341494124 81100064217
81341494124 81100350752
81100350752 81100064217
81100350752 81341494124
81100108422 81100331875
81100108422 81100196173
81100108422 81452616437
81100108422 81100482004
81100331875 81100108422
81100331875 81100196173
81100331875 81452616437
81100331875 81100482004
81100196173 81100108422
81100196173 81100331875
81100196173 81452616437
81100196173 81100482004
81452616437 81100108422
81452616437 81100331875
81452616437 81100196173
81452616437 81100482004
81100482004 81100108422
81100482004 81100331875
81100482004 81100196173
81100482004 81452616437
81100041087 81410595315
81410595315 81100041087
81546726456 81323490682
81546726456 81542890956
81323490682 81546726456
81323490682 81542890956
81542890956 81546726456
81542890956 81323490682
81100395933 81100041087
81100041087 81100395933
81100413007 81100652508
81100652508 81100413007
81100601614 81100502154
81100502154 81100601614
81100130525 81100024147
81100130525 81100061950
81100024147 81100130525
81100024147 81100061950
81100061950 81100130525
81100061950 81100024147
81100331812 81100652508
81100331812 81100428588
81100652508 81100331812
81100652508 81100428588
81100428588 81100331812
81100428588 81100652508
81100602545 81100096661
81100096661 81100602545
81100303370 81100029320
81100029320 81100303370
81100184770 99658993744
99658993744 81100184770
81100412432 81100347423
81100347423 81100412432
81100033090 81100591675
81100591675 81100033090
81100612246 81310499339
81310499339 81100612246
81100592917 81332514056
81332514056 81100592917
81100140476 81332531842
81100140476 81350588112
81100140476 81100263709
81100140476 81100168483
81332531842 81100140476
81332531842 81350588112
81332531842 81100263709
81332531842 81100168483
81350588112 81100140476
81350588112 81332531842
81350588112 81100263709
81350588112 81100168483
81100263709 81100140476
81100263709 81332531842
81100263709 81350588112
81100263709 81100168483
81100168483 81100140476
81100168483 81332531842
81100168483 81350588112
81100168483 81100263709
81100324070 81100454785
81100324070 81100111439
81100454785 81100324070
81100454785 81100111439
81100111439 81100324070
81100111439 81100454785
81100558352 81332495965
81332495965 81100558352
81100269738 81100321012
81100321012 81100269738
81100081809 81100165517
81100165517 81100081809
81100556662 81100370761
81100556662 81100100180
81100556662 81100074491
81100556662 81100432433
81100370761 81100556662
81100370761 81100100180
81100370761 81100074491
81100370761 81100432433
81100100180 81100556662
81100100180 81100370761
81100100180 81100074491
81100100180 81100432433
81100074491 81100556662
81100074491 81100370761
81100074491 81100100180
81100074491 81100432433
81100432433 81100556662
81100432433 81100370761
81100432433 81100100180
81100432433 81100074491
81452604957 81100541154
81452604957 81100511749
81452604957 81100590166
81100541154 81452604957
81100541154 81100511749
81100541154 81100590166
81100511749 81452604957
81100511749 81100541154
81100511749 81100590166
81100590166 81452604957
81100590166 81100541154
81100590166 81100511749
81332487629 81100230823
81332487629 81100207501
81100230823 81332487629
81100230823 81100207501
81100207501 81332487629
81100207501 81100230823
81452604957 81100300363
81452604957 81332528331
81100300363 81452604957
81100300363 81332528331
81332528331 81452604957
81332528331 81100300363
81100398599 81100211095
81100398599 81100307572
81100211095 81100398599
81100211095 81100307572
81100307572 81100398599
81100307572 81100211095
81100612930 81100451003
81100612930 81100658276
81100451003 81100612930
81100451003 81100658276
81100658276 81100612930
81100658276 81100451003
81100398599 81100211095
81100398599 81100307572
81100211095 81100398599
81100211095 81100307572
81100307572 81100398599
81100307572 81100211095
81100145174 81100307785
81100307785 81100145174
81100112161 81100064604
81100112161 81100200925
81100064604 81100112161
81100064604 81100200925
81100200925 81100112161
81100200925 81100064604
81100350752 81339534035
81339534035 81100350752
81100350752 81339534035
81339534035 81100350752
81100112161 81100200925
81100200925 81100112161
81100398599 81100369887
81100369887 81100398599
81100362356 81100555203
81100555203 81100362356
81100398599 81100211095
81100398599 81100369887
81100211095 81100398599
81100211095 81100369887
81100369887 81100398599
81100369887 81100211095
81100200925 81316491451
81100200925 81100029320
81316491451 81100200925
81316491451 81100029320
81100029320 81100200925
81100029320 81316491451
81100145174 81100564379
81100145174 81100026933
81100564379 81100145174
81100564379 81100026933
81100026933 81100145174
81100026933 81100564379
81100145174 81100506778
81100145174 81100262985
81100506778 81100145174
81100506778 81100262985
81100262985 81100145174
81100262985 81100506778
81100369887 81100398599
81100398599 81100369887
81100369887 81100398599
81100398599 81100369887
81100336335 81100200925
81100336335 81100113887
81100200925 81100336335
81100200925 81100113887
81100113887 81100336335
81100113887 81100200925
81100029320 81100200925
81100200925 81100029320
81316490444 81100394305
81100394305 81316490444
81100163011 81100454785
81100454785 81100163011
81100024147 81332517325
81100024147 81100061950
81332517325 81100024147
81332517325 81100061950
81100061950 81100024147
81100061950 81332517325
81351593798 81100302920
81351593798 81452611253
81100302920 81351593798
81100302920 81452611253
81452611253 81351593798
81452611253 81100302920
81342487699 81100034951
81342487699 81100151204
81100034951 81342487699
81100034951 81100151204
81100151204 81342487699
81100151204 81100034951
81100497808 81100326270
81100326270 81100497808
81100413007 81100652508
81100652508 81100413007
81100425335 81341495934
81100425335 81332529194
81341495934 81100425335
81341495934 81332529194
81332529194 81100425335
81332529194 81341495934
81423592360 81537153956
81537153956 81423592360
81100251014 81100553872
81100553872 81100251014
81100567677 81100031872
81100031872 81100567677
81100199147 81363594457
81363594457 81100199147
81339500103 81100579164
81339500103 81408594008
81339500103 81100152362
81339500103 81332521934
81100579164 81339500103
81100579164 81408594008
81100579164 81100152362
81100579164 81332521934
81408594008 81339500103
81408594008 81100579164
81408594008 81100152362
81408594008 81332521934
81100152362 81339500103
81100152362 81100579164
81100152362 81408594008
81100152362 81332521934
81332521934 81339500103
81332521934 81100579164
81332521934 81408594008
81332521934 81100152362
81100296534 81100546351
81100546351 81100296534
81100045917 81100635239
81100045917 81100656517
81100045917 81100508796
81100635239 81100045917
81100635239 81100656517
81100635239 81100508796
81100656517 81100045917
81100656517 81100635239
81100656517 81100508796
81100508796 81100045917
81100508796 81100635239
81100508796 81100656517
81350574174 81537406756
81537406756 81350574174
81100652381 81540978856
81540978856 81100652381
81100049607 81100559593
81100559593 81100049607
81375604095 81342487699
81342487699 81375604095
81100335481 81409591811
81409591811 81100335481
81100555564 81100193167
81100555564 81100634311
81100555564 81100562086
81100193167 81100555564
81100193167 81100634311
81100193167 81100562086
81100634311 81100555564
81100634311 81100193167
81100634311 81100562086
81100562086 81100555564
81100562086 81100193167
81100562086 81100634311
81341494124 81100064217
81341494124 81100350752
81100064217 81341494124
81100064217 81100350752
81100350752 81341494124
81100350752 81100064217
81100083454 81100308085
81100083454 81100064217
81100308085 81100083454
81100308085 81100064217
81100064217 81100083454
81100064217 81100308085
81100205680 81332499822
81100205680 81100139304
81332499822 81100205680
81332499822 81100139304
81100139304 81100205680
81100139304 81332499822
81451595341 81100228522
81451595341 81351597581
81451595341 81100317452
81451595341 81100500376
81451595341 81450594071
81100228522 81451595341
81100228522 81351597581
81100228522 81100317452
81100228522 81100500376
81100228522 81450594071
81351597581 81451595341
81351597581 81100228522
81351597581 81100317452
81351597581 81100500376
81351597581 81450594071
81100317452 81451595341
81100317452 81100228522
81100317452 81351597581
81100317452 81100500376
81100317452 81450594071
81100500376 81451595341
81100500376 81100228522
81100500376 81351597581
81100500376 81100317452
81100500376 81450594071
81450594071 81451595341
81450594071 81100228522
81450594071 81351597581
81450594071 81100317452
81450594071 81100500376
81328489030 81544035656
81544035656 81328489030
81100362356 81100193627
81100362356 81100149660
81100193627 81100362356
81100193627 81100149660
81100149660 81100362356
81100149660 81100193627
81100017083 81537913556
81537913556 81100017083
81100154536 81100652508
81100652508 81100154536
81100408923 81100162071
81100408923 81100390699
81100162071 81100408923
81100162071 81100390699
81100390699 81100408923
81100390699 81100162071
81542353056 81100200925
81100200925 81542353056
81100193605 81100113887
81100193605 81409594876
81100193605 81100336335
81100113887 81100193605
81100113887 81409594876
81100113887 81100336335
81409594876 81100193605
81409594876 81100113887
81409594876 81100336335
81100336335 81100193605
81100336335 81100113887
81100336335 81409594876
81100572355 81100382786
81100382786 81100572355
81538581556 81100559593
81100559593 81538581556
81452611253 81100321849
81100321849 81452611253
81329488761 81100458386
81100458386 81329488761
81100300529 81100346546
81100346546 81100300529
81100303370 81100029320
81100029320 81100303370
81329489785 81100412432
81329489785 81329489506
81329489785 81100511891
81329489785 81100226910
81329489785 81100564084
81329489785 81100319620
81329489785 81100154062
81329489785 81100364064
81329489785 81100193167
81329489785 81100283499
81329489785 81332532509
81329489785 81100467952
81329489785 81100074473
81100412432 81329489785
81100412432 81329489506
81100412432 81100511891
81100412432 81100226910
81100412432 81100564084
81100412432 81100319620
81100412432 81100154062
81100412432 81100364064
81100412432 81100193167
81100412432 81100283499
81100412432 81332532509
81100412432 81100467952
81100412432 81100074473
81329489506 81329489785
81329489506 81100412432
81329489506 81100511891
81329489506 81100226910
81329489506 81100564084
81329489506 81100319620
81329489506 81100154062
81329489506 81100364064
81329489506 81100193167
81329489506 81100283499
81329489506 81332532509
81329489506 81100467952
81329489506 81100074473
81100511891 81329489785
81100511891 81100412432
81100511891 81329489506
81100511891 81100226910
81100511891 81100564084
81100511891 81100319620
81100511891 81100154062
81100511891 81100364064
81100511891 81100193167
81100511891 81100283499
81100511891 81332532509
81100511891 81100467952
81100511891 81100074473
81100226910 81329489785
81100226910 81100412432
81100226910 81329489506
81100226910 81100511891
81100226910 81100564084
81100226910 81100319620
81100226910 81100154062
81100226910 81100364064
81100226910 81100193167
81100226910 81100283499
81100226910 81332532509
81100226910 81100467952
81100226910 81100074473
81100564084 81329489785
81100564084 81100412432
81100564084 81329489506
81100564084 81100511891
81100564084 81100226910
81100564084 81100319620
81100564084 81100154062
81100564084 81100364064
81100564084 81100193167
81100564084 81100283499
81100564084 81332532509
81100564084 81100467952
81100564084 81100074473
81100319620 81329489785
81100319620 81100412432
81100319620 81329489506
81100319620 81100511891
81100319620 81100226910
81100319620 81100564084
81100319620 81100154062
81100319620 81100364064
81100319620 81100193167
81100319620 81100283499
81100319620 81332532509
81100319620 81100467952
81100319620 81100074473
81100154062 81329489785
81100154062 81100412432
81100154062 81329489506
81100154062 81100511891
81100154062 81100226910
81100154062 81100564084
81100154062 81100319620
81100154062 81100364064
81100154062 81100193167
81100154062 81100283499
81100154062 81332532509
81100154062 81100467952
81100154062 81100074473
81100364064 81329489785
81100364064 81100412432
81100364064 81329489506
81100364064 81100511891
81100364064 81100226910
81100364064 81100564084
81100364064 81100319620
81100364064 81100154062
81100364064 81100193167
81100364064 81100283499
81100364064 81332532509
81100364064 81100467952
81100364064 81100074473
81100193167 81329489785
81100193167 81100412432
81100193167 81329489506
81100193167 81100511891
81100193167 81100226910
81100193167 81100564084
81100193167 81100319620
81100193167 81100154062
81100193167 81100364064
81100193167 81100283499
81100193167 81332532509
81100193167 81100467952
81100193167 81100074473
81100283499 81329489785
81100283499 81100412432
81100283499 81329489506
81100283499 81100511891
81100283499 81100226910
81100283499 81100564084
81100283499 81100319620
81100283499 81100154062
81100283499 81100364064
81100283499 81100193167
81100283499 81332532509
81100283499 81100467952
81100283499 81100074473
81332532509 81329489785
81332532509 81100412432
81332532509 81329489506
81332532509 81100511891
81332532509 81100226910
81332532509 81100564084
81332532509 81100319620
81332532509 81100154062
81332532509 81100364064
81332532509 81100193167
81332532509 81100283499
81332532509 81100467952
81332532509 81100074473
81100467952 81329489785
81100467952 81100412432
81100467952 81329489506
81100467952 81100511891
81100467952 81100226910
81100467952 81100564084
81100467952 81100319620
81100467952 81100154062
81100467952 81100364064
81100467952 81100193167
81100467952 81100283499
81100467952 81332532509
81100467952 81100074473
81100074473 81329489785
81100074473 81100412432
81100074473 81329489506
81100074473 81100511891
81100074473 81100226910
81100074473 81100564084
81100074473 81100319620
81100074473 81100154062
81100074473 81100364064
81100074473 81100193167
81100074473 81100283499
81100074473 81332532509
81100074473 81100467952
81545882856 81100561543
81100561543 81545882856
81100544261 81100507371
81100507371 81100544261
81100386649 81450595233
81450595233 81100386649
81100324091 81342487699
81342487699 81100324091
81100568034 81408593590
81100568034 81100252005
81100568034 81100275704
81408593590 81100568034
81408593590 81100252005
81408593590 81100275704
81100252005 81100568034
81100252005 81408593590
81100252005 81100275704
81100275704 81100568034
81100275704 81408593590
81100275704 81100252005
81100533596 81100139304
81100533596 81100294292
81100139304 81100533596
81100139304 81100294292
81100294292 81100533596
81100294292 81100139304
81100338843 81100408869
81100408869 81100338843
81100339083 81100599963
81100599963 81100339083
81542778756 81100029320
81100029320 81542778756
81100412432 81100347423
81100347423 81100412432
81100534567 81100185548
81100185548 81100534567
81100163074 81100513683
81100163074 81329492378
81100513683 81100163074
81100513683 81329492378
81329492378 81100163074
81329492378 81100513683
81100472750 81329489785
81329489785 81100472750
81100327663 81539614256
81100327663 81100121679
81100327663 99658627501
81100327663 81543082656
81100327663 81332518686
81100327663 81100369727
81100327663 81100094956
81100327663 81100555825
81100327663 81100173421
81539614256 81100327663
81539614256 81100121679
81539614256 99658627501
81539614256 81543082656
81539614256 81332518686
81539614256 81100369727
81539614256 81100094956
81539614256 81100555825
81539614256 81100173421
81100121679 81100327663
81100121679 81539614256
81100121679 99658627501
81100121679 81543082656
81100121679 81332518686
81100121679 81100369727
81100121679 81100094956
81100121679 81100555825
81100121679 81100173421
99658627501 81100327663
99658627501 81539614256
99658627501 81100121679
99658627501 81543082656
99658627501 81332518686
99658627501 81100369727
99658627501 81100094956
99658627501 81100555825
99658627501 81100173421
81543082656 81100327663
81543082656 81539614256
81543082656 81100121679
81543082656 99658627501
81543082656 81332518686
81543082656 81100369727
81543082656 81100094956
81543082656 81100555825
81543082656 81100173421
81332518686 81100327663
81332518686 81539614256
81332518686 81100121679
81332518686 99658627501
81332518686 81543082656
81332518686 81100369727
81332518686 81100094956
81332518686 81100555825
81332518686 81100173421
81100369727 81100327663
81100369727 81539614256
81100369727 81100121679
81100369727 99658627501
81100369727 81543082656
81100369727 81332518686
81100369727 81100094956
81100369727 81100555825
81100369727 81100173421
81100094956 81100327663
81100094956 81539614256
81100094956 81100121679
81100094956 99658627501
81100094956 81543082656
81100094956 81332518686
81100094956 81100369727
81100094956 81100555825
81100094956 81100173421
81100555825 81100327663
81100555825 81539614256
81100555825 81100121679
81100555825 99658627501
81100555825 81543082656
81100555825 81332518686
81100555825 81100369727
81100555825 81100094956
81100555825 81100173421
81100173421 81100327663
81100173421 81539614256
81100173421 81100121679
81100173421 99658627501
81100173421 81543082656
81100173421 81332518686
81100173421 81100369727
81100173421 81100094956
81100173421 81100555825
81460645188 81100612246
81100612246 81460645188
81100127864 81100380633
81100127864 81537995256
81100127864 81542399256
81100380633 81100127864
81100380633 81537995256
81100380633 81542399256
81537995256 81100127864
81537995256 81100380633
81537995256 81542399256
81542399256 81100127864
81542399256 81100380633
81542399256 81537995256
81100236403 81100234662
81100236403 81100533596
81100236403 81100017083
81100236403 81537913556
81100234662 81100236403
81100234662 81100533596
81100234662 81100017083
81100234662 81537913556
81100533596 81100236403
81100533596 81100234662
81100533596 81100017083
81100533596 81537913556
81100017083 81100236403
81100017083 81100234662
81100017083 81100533596
81100017083 81537913556
81537913556 81100236403
81537913556 81100234662
81537913556 81100533596
81537913556 81100017083
81100064604 81100200925
81100064604 81100029320
81100200925 81100064604
81100200925 81100029320
81100029320 81100064604
81100029320 81100200925
81100296790 81100196072
81100296790 81100655189
81100196072 81100296790
81100196072 81100655189
81100655189 81100296790
81100655189 81100196072
81100283371 81100570024
81100570024 81100283371
81100080007 81100122694
81100122694 81100080007
81100327663 81100297952
81100327663 81100327084
81100327663 81100155959
81100327663 81100449904
81100297952 81100327663
81100297952 81100327084
81100297952 81100155959
81100297952 81100449904
81100327084 81100327663
81100327084 81100297952
81100327084 81100155959
81100327084 81100449904
81100155959 81100327663
81100155959 81100297952
81100155959 81100327084
81100155959 81100449904
81100449904 81100327663
81100449904 81100297952
81100449904 81100327084
81100449904 81100155959
81100612930 81100451003
81100451003 81100612930
81100029320 81100200925
81100200925 81100029320
81316490444 81100394305
81100394305 81316490444
81100198308 81100625004
81100198308 81100505889
81100198308 81100466981
81100198308 81100161834
81100625004 81100198308
81100625004 81100505889
81100625004 81100466981
81100625004 81100161834
81100505889 81100198308
81100505889 81100625004
81100505889 81100466981
81100505889 81100161834
81100466981 81100198308
81100466981 81100625004
81100466981 81100505889
81100466981 81100161834
81100161834 81100198308
81100161834 81100625004
81100161834 81100505889
81100161834 81100466981
81100169417 81330496831
81100169417 81100481929
81330496831 81100169417
81330496831 81100481929
81100481929 81100169417
81100481929 81330496831
81100318557 81100166665
81100318557 81332493442
81100318557 81100009864
81100318557 81100147733
81100318557 81100064217
81100166665 81100318557
81100166665 81332493442
81100166665 81100009864
81100166665 81100147733
81100166665 81100064217
81332493442 81100318557
81332493442 81100166665
81332493442 81100009864
81332493442 81100147733
81332493442 81100064217
81100009864 81100318557
81100009864 81100166665
81100009864 81332493442
81100009864 81100147733
81100009864 81100064217
81100147733 81100318557
81100147733 81100166665
81100147733 81332493442
81100147733 81100009864
81100147733 81100064217
81100064217 81100318557
81100064217 81100166665
81100064217 81332493442
81100064217 81100009864
81100064217 81100147733
81100064217 81100147733
81100147733 81100064217
81351593798 81100529999
81100529999 81351593798
81100644883 81100062086
81100062086 81100644883
81100564379 81100026933
81100564379 81100494156
81100564379 81100055661
81100026933 81100564379
81100026933 81100494156
81100026933 81100055661
81100494156 81100564379
81100494156 81100026933
81100494156 81100055661
81100055661 81100564379
81100055661 81100026933
81100055661 81100494156
81100172139 81100364273
81100172139 81447597307
81100364273 81100172139
81100364273 81447597307
81447597307 81100172139
81447597307 81100364273
81329489604 81100522047
81100522047 81329489604
81100052327 81100402805
81100402805 81100052327
81100628881 81100193605
81100628881 81418593967
81100628881 81409594876
81100193605 81100628881
81100193605 81418593967
81100193605 81409594876
81418593967 81100628881
81418593967 81100193605
81418593967 81409594876
81409594876 81100628881
81409594876 81100193605
81409594876 81418593967
81100064604 81100200925
81100200925 81100064604
81100321849 81100113855
81100321849 81100474905
81100321849 81452611253
81100113855 81100321849
81100113855 81100474905
81100113855 81452611253
81100474905 81100321849
81100474905 81100113855
81100474905 81452611253
81452611253 81100321849
81452611253 81100113855
81452611253 81100474905
81329489604 81100057436
81100057436 81329489604
81100640969 81410595315
81410595315 81100640969
81100269738 81100024893
81100024893 81100269738
81336490151 81100088049
81100088049 81336490151
81100463022 81100607171
81100463022 81100367783
81100463022 81100130062
81100463022 81100195246
81100607171 81100463022
81100607171 81100367783
81100607171 81100130062
81100607171 81100195246
81100367783 81100463022
81100367783 81100607171
81100367783 81100130062
81100367783 81100195246
81100130062 81100463022
81100130062 81100607171
81100130062 81100367783
81100130062 81100195246
81100195246 81100463022
81100195246 81100607171
81100195246 81100367783
81100195246 81100130062
81100209161 81100408441
81100408441 81100209161
81100412675 81100283499
81100412675 81100135134
81100283499 81100412675
81100283499 81100135134
81100135134 81100412675
81100135134 81100283499
81100429924 81100392682
81100392682 81100429924
81100454785 81100651098
81100651098 81100454785
81414609753 81100577059
81414609753 81406598305
81100577059 81414609753
81100577059 81406598305
81406598305 81414609753
81406598305 81100577059
81100228703 81100055408
81100055408 81100228703
81100461010 81100049091
81100461010 81100443385
81100461010 81100096968
81100049091 81100461010
81100049091 81100443385
81100049091 81100096968
81100443385 81100461010
81100443385 81100049091
81100443385 81100096968
81100096968 81100461010
81100096968 81100049091
81100096968 81100443385
81339500103 81100579164
81339500103 81363594457
81339500103 81408594008
81339500103 81100152362
81339500103 81332521934
81339500103 81416598668
81100579164 81339500103
81100579164 81363594457
81100579164 81408594008
81100579164 81100152362
81100579164 81332521934
81100579164 81416598668
81363594457 81339500103
81363594457 81100579164
81363594457 81408594008
81363594457 81100152362
81363594457 81332521934
81363594457 81416598668
81408594008 81339500103
81408594008 81100579164
81408594008 81363594457
81408594008 81100152362
81408594008 81332521934
81408594008 81416598668
81100152362 81339500103
81100152362 81100579164
81100152362 81363594457
81100152362 81408594008
81100152362 81332521934
81100152362 81416598668
81332521934 81339500103
81332521934 81100579164
81332521934 81363594457
81332521934 81408594008
81332521934 81100152362
81332521934 81416598668
81416598668 81339500103
81416598668 81100579164
81416598668 81363594457
81416598668 81408594008
81416598668 81100152362
81416598668 81332521934
81100199147 81100652508
81100652508 81100199147
81100184770 81100273027
81100184770 81100427426
81100184770 81100271509
81100273027 81100184770
81100273027 81100427426
81100273027 81100271509
81100427426 81100184770
81100427426 81100273027
81100427426 81100271509
81100271509 81100184770
81100271509 81100273027
81100271509 81100427426
81100350273 81546379756
81100350273 81100064217
81546379756 81100350273
81546379756 81100064217
81100064217 81100350273
81100064217 81546379756
81100555564 81100193167
81100555564 81100644428
81100555564 81100048060
81100555564 81100562086
81100193167 81100555564
81100193167 81100644428
81100193167 81100048060
81100193167 81100562086
81100644428 81100555564
81100644428 81100193167
81100644428 81100048060
81100644428 81100562086
81100048060 81100555564
81100048060 81100193167
81100048060 81100644428
81100048060 81100562086
81100562086 81100555564
81100562086 81100193167
81100562086 81100644428
81100562086 81100048060
81100075581 81100298117
81100075581 81100305321
81100298117 81100075581
81100298117 81100305321
81100305321 81100075581
81100305321 81100298117
81100408923 81100503314
81100408923 81100162071
81100503314 81100408923
81100503314 81100162071
81100162071 81100408923
81100162071 81100503314
81100347361 81100470296
81100347361 81100094737
81100347361 81344500170
81100470296 81100347361
81100470296 81100094737
81100470296 81344500170
81100094737 81100347361
81100094737 81100470296
81100094737 81344500170
81344500170 81100347361
81344500170 81100470296
81344500170 81100094737
81100240638 81100578946
81100240638 81350588362
81100578946 81100240638
81100578946 81350588362
81350588362 81100240638
81350588362 81100578946
81450594254 81100652508
81100652508 81450594254
81341495934 81332529194
81332529194 81341495934
81331495726 81331495555
81331495726 81100555334
81331495726 81319504130
81331495555 81331495726
81331495555 81100555334
81331495555 81319504130
81100555334 81331495726
81100555334 81331495555
81100555334 81319504130
81319504130 81331495726
81319504130 81331495555
81319504130 81100555334
81423592360 81100471679
81100471679 81423592360
81100561157 81100557566
81100561157 81100300363
81100561157 81452604957
81100557566 81100561157
81100557566 81100300363
81100557566 81452604957
81100300363 81100561157
81100300363 81100557566
81100300363 81452604957
81452604957 81100561157
81452604957 81100557566
81452604957 81100300363
81542925456 81100281276
81542925456 81100342139
81542925456 81100491693
81100281276 81542925456
81100281276 81100342139
81100281276 81100491693
81100342139 81542925456
81100342139 81100281276
81100342139 81100491693
81100491693 81542925456
81100491693 81100281276
81100491693 81100342139
81329488761 81100291276
81100291276 81329488761
81100253509 81100252517
81100253509 81100613234
81100252517 81100253509
81100252517 81100613234
81100613234 81100253509
81100613234 81100252517
81332499871 81100619462
81100619462 81332499871
81100185343 81100316568
81100185343 81100619503
81100185343 81540089156
81100316568 81100185343
81100316568 81100619503
81100316568 81540089156
81100619503 81100185343
81100619503 81100316568
81100619503 81540089156
81540089156 81100185343
81540089156 81100316568
81540089156 81100619503
81100544358 81100370974
81100370974 81100544358
81100390699 81100290873
81100390699 81452592647
81100290873 81100390699
81100290873 81452592647
81452592647 81100390699
81452592647 81100290873
81100229960 81100200925
81100200925 81100229960
81100508490 81100089151
81100508490 86159139657
81100089151 81100508490
81100089151 86159139657
86159139657 81100508490
86159139657 81100089151
81100208880 81100474905
81100474905 81100208880
81100184770 81100273027
81100273027 81100184770
81100567001 81100658677
81100567001 81100136344
81100567001 81100108422
81100567001 81100470724
81100567001 81452616437
81100658677 81100567001
81100658677 81100136344
81100658677 81100108422
81100658677 81100470724
81100658677 81452616437
81100136344 81100567001
81100136344 81100658677
81100136344 81100108422
81100136344 81100470724
81100136344 81452616437
81100108422 81100567001
81100108422 81100658677
81100108422 81100136344
81100108422 81100470724
81100108422 81452616437
81100470724 81100567001
81100470724 81100658677
81100470724 81100136344
81100470724 81100108422
81100470724 81452616437
81452616437 81100567001
81452616437 81100658677
81452616437 81100136344
81452616437 81100108422
81452616437 81100470724
81100195490 81410593446
81100195490 81100427619
81100195490 81414617022
81100195490 81100352303
81100195490 81416601882
81100195490 81416597487
81410593446 81100195490
81410593446 81100427619
81410593446 81414617022
81410593446 81100352303
81410593446 81416601882
81410593446 81416597487
81100427619 81100195490
81100427619 81410593446
81100427619 81414617022
81100427619 81100352303
81100427619 81416601882
81100427619 81416597487
81414617022 81100195490
81414617022 81410593446
81414617022 81100427619
81414617022 81100352303
81414617022 81416601882
81414617022 81416597487
81100352303 81100195490
81100352303 81410593446
81100352303 81100427619
81100352303 81414617022
81100352303 81416601882
81100352303 81416597487
81416601882 81100195490
81416601882 81410593446
81416601882 81100427619
81416601882 81414617022
81416601882 81100352303
81416601882 81416597487
81416597487 81100195490
81416597487 81410593446
81416597487 81100427619
81416597487 81414617022
81416597487 81100352303
81416597487 81416601882
81100544261 81100507371
81100507371 81100544261
81100506308 81100408391
81100506308 81100467085
81100506308 81100424020
81100408391 81100506308
81100408391 81100467085
81100408391 81100424020
81100467085 81100506308
81100467085 81100408391
81100467085 81100424020
81100424020 81100506308
81100424020 81100408391
81100424020 81100467085
81100035785 81100548417
81100035785 81100304210
81100548417 81100035785
81100548417 81100304210
81100304210 81100035785
81100304210 81100548417
81332525984 81538581556
81538581556 81332525984
81100397655 81100410636
81100410636 81100397655
81542925456 81100281276
81542925456 81100342139
81542925456 81100491693
81100281276 81542925456
81100281276 81100342139
81100281276 81100491693
81100342139 81542925456
81100342139 81100281276
81100342139 81100491693
81100491693 81542925456
81100491693 81100281276
81100491693 81100342139
81100408923 81100390699
81100408923 81100162071
81100408923 81332501177
81100390699 81100408923
81100390699 81100162071
81100390699 81332501177
81100162071 81100408923
81100162071 81100390699
81100162071 81332501177
81332501177 81100408923
81332501177 81100390699
81332501177 81100162071
81100561157 81100557566
81100561157 81100300363
81100561157 81100103872
81100561157 81452604957
81100557566 81100561157
81100557566 81100300363
81100557566 81100103872
81100557566 81452604957
81100300363 81100561157
81100300363 81100557566
81100300363 81100103872
81100300363 81452604957
81100103872 81100561157
81100103872 81100557566
81100103872 81100300363
81100103872 81452604957
81452604957 81100561157
81452604957 81100557566
81452604957 81100300363
81452604957 81100103872
81100294292 81100139304
81100294292 81100533596
81100139304 81100294292
81100139304 81100533596
81100533596 81100294292
81100533596 81100139304
